23.2000 38.6250
11.4000 11.5703
35.0000 43.2188
107.0000 91.8750
28.9600 31.0938
84.0000 90.4375
44.8000 54.2500
11.9300 16.0156
47.4000 68.0000
56.1000 64.6250
46.6000 54.0312
72.0000 85.9375
58.2000 76.8750
46.8000 59.9062
39.8000 47.3750
59.0000 80.6250
26.3400 26.4062
21.3300 18.7344
17.5000 31.9844
14.6500 14.7344
12.0400 11.6641
7.1500 6.8945
17.9800 18.1719
49.4000 49.5938
24.3600 24.2969
85.1000 66.9375
67.0000 78.1250
14.2200 15.0781
53.1000 63.0938
7.8800 8.1094
31.0400 33.8438
9.6600 9.7266
35.0000 38.2500
42.0000 47.1875
26.3000 15.1719
35.6000 42.0312
18.7000 19.2031
65.5000 85.5625
32.2000 30.4688
57.0000 4.8789
66.3000 79.0625
15.1000 14.8594
71.4000 80.9375
26.0500 35.8750
60.0000 69.9375
13.2500 12.0469
47.3700 49.0938
21.0000 22.4375
30.7000 37.7188
62.3000 65.3750
105.0000 106.3125
56.2500 64.6250
18.1000 17.9375
60.5000 60.6250
61.5000 98.6250
21.3000 21.7969
52.9100 63.3438
42.8000 53.5000
25.6000 27.1094
15.9000 16.1875
62.1000 57.3438
4.4480 4.7305
22.9700 21.0625
12.5200 10.8281
62.5000 68.8125
9.4000 9.2812
23.3000 27.7188
114.7000 68.0000
13.0000 13.9531
77.1000 80.0000
77.8000 87.9375
14.1700 14.7031
74.1000 83.8750
42.9000 58.0312
33.6000 35.5000
15.0000 15.7812
8.5600 8.6953
49.4000 47.2812
116.0000 98.6250
62.6000 68.8125
5.3200 6.3672
29.9000 28.6250
17.5600 20.8438
51.2000 55.3438
63.7000 77.5000
12.4500 12.3281
28.4000 36.5938
99.9000 91.1250
21.6000 22.9062
44.6300 51.1875
15.2700 14.9219
65.5000 84.8750
29.0000 28.1719
12.8700 13.2422
69.3000 84.2500
56.6000 61.3438
45.4000 55.3438
38.8000 43.9062
41.2000 44.3438
77.9000 100.6250
24.4100 23.7969
55.0000 79.0625
4.8520 5.3945
72.6000 80.3125
73.3000 89.7500
5.1000 6.4180
39.8100 53.5938
13.1000 13.3516
19.8000 18.0938
57.3000 68.8125
42.0000 47.8438
15.0000 21.0625
17.2400 19.8906
18.2600 18.5781
91.7000 87.2500
70.8000 82.5625
16.4200 18.7344
21.9000 21.8906
65.0000 68.5625
18.3500 16.2188
63.0000 71.8750
3.6000 4.2148
3.9500 4.2695
96.2000 91.8750
21.3000 20.9688
75.4000 85.9375
42.2000 58.5000
19.5000 19.3594
45.8000 53.3750
16.6500 19.5156
48.1000 63.3438
7.5000 8.0391
8.4400 8.6719
43.0000 49.1875
13.1400 14.0703
32.4000 31.7344
42.5000 47.6562
36.0000 77.5000
12.9000 14.3438
17.7000 19.7188
5.9000 7.2578
20.3600 21.9375
15.8000 17.2500
57.0000 61.1250
65.2000 85.5625
75.8000 80.9375
52.3000 58.2812
8.5300 9.2422
102.0000 92.6250
18.0000 19.4375
118.0000 90.0625
56.8000 51.8125
38.0000 25.5625
11.2500 15.0781
31.4000 41.5938
39.0000 47.6562
18.6000 9.7266
18.6500 21.8906
24.0400 26.1406
27.2000 30.8438
11.8900 12.2734
12.3800 14.0703
59.9000 78.1250
13.8400 13.6406
104.2000 99.4375
16.5000 19.0781
39.1000 44.3438
16.5800 18.2031
14.5300 15.1406
60.0000 75.1250
28.5000 29.6250
12.4200 12.4297
102.6000 88.3125
64.2000 73.3125
25.6900 32.3750
38.8000 54.4688
81.2000 85.5625
12.1200 13.4375
8.2200 9.5234
99.4000 99.8125
67.0000 90.4375
1.7690 2.2227
20.7000 23.9531
56.0000 15.2969
8.7400 13.8672
9.2000 10.4219
39.3000 42.0938
31.5400 30.1719
33.4000 36.5312
115.8000 100.6250
46.2000 65.6250
54.1100 63.3438
5.1800 5.8477
120.2000 101.0000
30.5000 32.9688
76.5000 75.1250
32.9100 36.7500
13.0000 15.8125
15.5600 16.0469
48.1400 38.7188
67.6000 80.3125
6.7100 6.9414
41.5300 47.0938
96.0000 96.6875
57.0000 65.1250
54.0000 63.3438
15.3900 16.3125
40.4000 51.7188
32.0000 37.3438
19.2000 22.2500
4.7100 7.2578
100.7000 80.6250
11.5000 12.8594
73.6000 86.2500
33.9000 39.5000
15.0600 15.6484
46.9300 51.8125
31.5000 35.2188
43.6700 52.3438
2.0930 2.5449
48.2000 61.1250
19.9400 19.8438
26.9000 28.3438
108.7000 101.8125
40.1000 55.7812
44.1000 61.8438
57.1000 63.5938
19.6300 20.8906
73.7000 79.6875
7.2900 9.4609
22.0000 25.5000
82.2000 94.8125
38.4000 46.8125
77.5500 83.5625
120.6000 96.3125
22.0000 29.0938
10.6900 12.6953
49.4000 66.6875
64.5000 69.6250
20.6200 27.1094
114.0000 103.8125
35.2000 35.6562
17.2400 19.1719
56.2000 52.4375
18.1000 15.9141
28.6000 35.1562
57.1000 66.6875
72.0000 97.8750
59.3000 62.5938
14.3600 16.6562
22.9000 25.5625
47.2000 48.3125
48.1000 52.0312
1.1500 2.6875
39.2500 44.1875
32.8000 36.5312
51.4000 56.0000
72.6700 72.5000
11.5400 12.5625
40.1100 43.6562
57.8000 58.9688
56.1000 64.6250
110.0000 112.3750
13.1800 13.1562
59.6000 50.3750
15.3000 15.9766
16.2500 18.1250
30.5000 34.1875
25.0900 32.4375
29.7000 27.3750
10.3400 9.9609
25.5400 29.8125
85.0000 123.0000
27.6200 25.5625
42.3100 54.6875
6.5900 6.5195
24.0600 24.8906
26.4000 30.9688
6.0580 5.9883
23.4000 27.8281
18.8000 21.9375
16.3600 16.0469
57.1000 77.8125
40.6000 45.9688
109.0000 93.6875
31.0500 30.1094
17.4100 17.9844
1.3100 0.9463
16.5600 16.5469
18.3700 18.7812
61.6000 69.3750
81.0000 98.2500
55.0000 68.5625
21.0000 42.4375
59.5000 71.3125
14.2400 13.1016
34.9500 35.1562
24.7000 31.3438
78.0000 80.9375
39.8000 39.0938
98.0000 107.5625
17.0000 17.9062
2.9330 2.8262
57.0000 84.8750
98.5000 103.4375
104.8000 102.1875
15.5100 26.7812
6.0700 6.2109
14.8000 15.8125
32.5500 30.5312
43.4600 43.3125
18.5700 18.3594
12.6500 12.0469
11.4000 11.4688
26.8900 33.4375
116.0000 114.5625
33.2000 30.5312
11.4300 16.8281
31.9000 37.8750
46.7200 46.6250
28.5000 31.9219
19.6000 18.8906
25.2100 47.0000
87.1000 76.3125
41.1000 38.0312
81.5000 76.3125
90.2000 95.5625
112.0000 37.0312
16.2500 21.9375
14.0600 16.3125
83.2000 69.6250
16.7200 18.0469
20.6000 21.7969
29.4000 29.6875
9.5500 19.7969
20.3000 21.9375
4.9000 5.0117
19.5400 23.6562
79.0000 82.8750
81.9000 97.5000
97.9000 94.0625
24.4700 32.5000
15.1800 16.5938
4.7000 5.0078
10.0000 11.2578
42.3000 44.8750
5.3600 6.2266
10.6000 9.9609
6.4700 6.3828
29.8000 45.4375
12.4300 12.9688
18.8200 18.9688
75.3000 91.5000
88.7000 106.7500
19.8700 19.8438
120.3000 105.8750
28.3000 32.0625
11.0000 11.2578
15.5300 14.7031
110.8100 126.4375
34.9000 30.5312
17.0000 19.3594
14.5400 15.2969
28.7000 26.6719
12.6300 11.9453
47.8000 63.0938
14.8000 18.3906
59.3000 82.5625
5.2850 5.6055
103.6000 99.0000
60.5000 62.0938
49.1000 75.1250
46.3700 63.3438
80.8000 97.5000
13.5000 14.7969
108.0000 105.5000
32.5800 37.4062
3.6920 3.1699
6.9260 9.0625
12.7000 11.7188
83.9000 69.1250
8.5000 7.9492
22.1300 23.0938
78.6000 87.9375
38.8000 36.1562
8.8900 10.6016
37.8000 49.0938
41.0000 49.7812
46.8600 49.6875
101.0000 106.7500
48.0000 58.2812
37.7000 38.3125
13.3200 17.9062
7.8300 8.0000
45.2300 54.4688
51.0000 56.9062
4.8000 5.6836
35.1800 43.7500
30.4000 35.9375
4.9600 5.0547
81.8000 94.8125
96.2000 94.8125
35.1200 39.5625
27.6000 29.2031
25.5700 28.3906
36.4100 38.5625
21.2300 20.6719
17.0000 14.4609
35.9000 43.2188
22.0000 24.3906
40.7000 45.4375
26.4800 29.3906
98.9000 94.4375
16.1900 19.3281
33.9000 40.8750
18.8900 25.5625
75.7000 76.6250
99.1000 100.1875
17.2000 20.1719
15.3500 15.6172
22.7000 28.2188
58.4000 78.1250
17.5800 19.6875
13.1000 12.9688
25.4000 34.3750
14.6800 17.5000
12.7000 11.7656
16.4000 15.1094
56.4000 56.9062
11.6000 11.9141
15.6000 19.5156
23.0000 29.1562
12.0600 12.0703
80.7000 94.8125
62.9000 66.9375
58.7000 22.5781
15.6000 26.3438
2.5310 2.5391
4.0230 4.5781
51.7400 58.9688
12.4000 12.3828
33.5000 34.3750
7.7900 7.6055
7.1380 7.4062
52.3000 58.5000
12.4000 13.5234
66.6100 69.3750
71.7000 75.6875
33.7000 28.6250
55.0000 51.9062
12.0700 16.0156
29.5000 35.8125
41.0400 49.6875
59.7700 72.7500
22.7000 26.1875
71.0000 76.8750
20.9500 21.8438
32.9800 41.5312
29.5000 36.3750
27.2600 29.2656
4.8900 4.9609
18.1500 19.8906
22.1000 23.5156
81.0000 87.2500
10.5000 11.3516
16.4000 18.5000
28.1200 39.5625
73.4000 75.1250
67.1000 89.7500
7.2600 7.2266
112.2000 103.0000
102.4000 100.6250
46.5000 65.6250
30.0000 21.1406
14.4400 14.7656
26.7500 28.5625
112.0000 84.8750
9.4800 10.7578
47.5900 55.5625
96.5000 85.5625
77.9300 89.3750
12.2000 12.6719
45.5000 48.0312
6.6000 6.3242
58.0000 77.1875
23.3400 22.3438
72.0000 72.7500
37.2100 45.2500
21.9800 25.3438
109.4000 100.1875
61.9000 73.3125
18.9000 24.4844
11.3000 13.6953
49.6000 49.4062
67.0000 80.6250
4.6130 4.8281
75.1000 65.8750
37.1000 43.1250
10.5800 11.0156
69.0000 75.3750
96.9000 103.0000
58.2000 66.6875
76.0000 82.2500
62.9000 79.6875
112.3000 108.4375
18.4100 16.9375
84.4900 85.5625
28.0000 32.5625
29.0000 35.0312
12.8300 13.7500
58.0000 43.8125
101.8000 64.6250
19.1400 22.5781
58.9000 68.5625
12.2000 12.3516
69.5000 101.0000
30.3900 33.5000
82.0000 91.5000
9.3000 9.9453
97.8000 103.0000
23.2000 26.4062
6.7300 7.3086
60.7000 54.2500
16.8000 12.1953
87.5000 90.0625
101.0000 113.6875
12.6600 13.0469
54.1000 52.5312
7.6400 5.9531
65.6100 73.9375
13.6700 13.7500
54.9000 52.2188
5.9350 8.3203
24.1700 27.7656
12.7800 12.3047
97.6000 101.8125
89.7000 96.3125
25.0000 26.1875
114.3000 105.0625
37.6000 48.3125
3.8500 4.2148
82.5000 85.2500
6.9500 7.4727
12.3410 13.7266
20.0000 19.9688
15.4600 15.4609
34.0000 36.1562
52.8000 69.6250
15.5000 15.6875
2.8770 3.1602
23.2000 23.7031
38.7000 36.3750
38.5000 49.4062
71.8000 82.2500
98.5000 103.0000
68.7000 77.5000
33.3600 31.6719
42.7000 46.3438
17.5700 20.5469
15.7700 20.3750
108.4000 91.1250
14.6100 14.7656
23.4000 25.8750
72.9000 90.4375
6.6500 6.1562
82.7000 79.3750
3.8190 3.8984
4.2000 4.9766
6.0000 5.3008
15.9700 16.7969
90.6000 86.9375
97.8000 94.0625
34.9100 35.9375
48.9000 48.5312
12.0000 12.9141
8.8700 8.7891
44.7000 59.6562
13.7100 14.4922
20.4000 24.6875
114.4000 126.9375
10.9300 10.9219
27.1000 33.0938
25.8600 27.8281
10.5000 10.7812
25.4000 29.7500
25.3300 25.6094
33.5000 42.6875
6.5400 6.5625
104.2000 101.3750
12.2400 11.7188
11.5800 11.1328
85.5000 80.3125
57.5000 61.5938
38.0600 40.9375
17.0000 21.0156
58.6000 75.6875
22.4000 23.3750
37.6000 39.4062
14.7900 14.4609
41.3000 54.6875
76.8000 110.1875
117.8000 103.0000
22.4900 22.1562
32.6000 39.5625
74.2000 80.3125
17.5000 25.7188
17.4600 17.2188
15.3000 14.3984
16.4100 17.7188
21.0000 22.9531
6.9600 7.2266
34.7000 35.5938
12.8400 14.1328
22.9000 23.4688
61.3000 47.3750
13.4000 12.2500
19.8000 20.5469
7.9100 8.6016
26.1000 26.7188
72.6000 92.6250
94.0000 97.1250
60.0000 78.1250
50.6800 58.0312
48.5000 54.2500
105.0000 99.8125
34.2000 44.2500
26.7000 30.2969
79.0000 79.6875
11.1800 11.1094
7.3500 7.9141
12.9000 14.1875
13.6900 15.4609
49.8000 57.1250
32.2000 33.8438
93.5000 95.5625
27.6000 29.2656
15.0000 15.4609
13.4200 14.2812
55.6000 60.8750
13.4800 15.1406
105.2000 101.3750
22.7000 25.8125
91.7700 97.8750
51.0000 37.5000
31.4000 35.9375
65.0000 84.5625
72.0000 85.5625
35.9200 36.6562
107.9000 109.7500
54.9100 75.1250
14.4200 14.3125
12.5900 14.5547
40.4000 46.4375
60.5000 62.0938
69.8000 89.7500
90.3000 71.8750
15.9000 19.0469
36.3600 37.5625
6.7000 8.0391
50.8600 76.6250
11.8200 10.7188
62.6000 60.8750
57.8000 66.6875
37.4000 46.1562
5.8600 5.9219
38.5000 71.0625
64.2000 66.4375
81.6000 87.6250
34.3000 35.3125
100.0000 98.6250
54.2000 55.5625
12.6800 12.7812
103.0000 113.2500
28.8600 28.9219
20.1000 18.3125
41.0800 39.1875
11.5000 11.2266
73.0000 206.6250
6.8800 7.0039
85.0000 77.5000
8.6800 8.1250
15.1000 23.3281
22.6000 25.6094
91.7000 93.0000
13.1700 12.5391
9.0400 8.8438
9.2400 9.5859
16.9800 16.0781
8.9000 9.6250
30.1800 35.5000
101.3000 103.0000
28.1000 38.9375
26.0000 35.5000
34.1000 33.6250
40.7400 46.5312
13.4000 14.6719
49.8000 59.6562
34.8800 42.6875
23.5000 22.3906
11.1600 9.6016
29.3900 32.5000
4.5000 4.2539
18.1600 20.2500
111.0000 95.1875
34.7300 36.5312
35.8500 39.2500
49.0000 48.1250
27.7000 29.1562
28.2200 34.1250
1.9000 1.9795
9.5800 8.5625
86.0000 94.0625
6.0100 5.9219
17.4000 17.8750
26.1000 28.1094
11.0000 10.8984
23.9400 30.2969
67.4000 65.8750
17.7500 18.2812
60.6000 65.1250
104.0000 96.3125
16.4400 16.3750
25.1000 20.4219
92.5000 99.0000
5.2300 5.5781
80.8000 80.0000
25.0500 25.3438
74.7000 99.0000
15.5000 15.3281
92.2000 108.0000
20.8000 21.2344
111.1000 108.8750
65.9000 74.8125
93.4500 98.6250
86.8000 67.7500
6.6000 7.6875
49.8000 57.1250
18.8300 20.8438
27.8700 36.0938
19.7100 20.5469
74.9000 62.3438
18.3600 18.8125
30.3000 34.6562
8.4000 7.2578
51.0000 62.3438
116.4000 105.5000
9.5200 9.7109
51.9000 69.1250
18.1600 17.2500
31.0000 28.9219
114.0000 91.8750
24.9000 27.7656
31.8000 28.9688
22.5400 30.7188
23.9900 25.2031
33.8200 36.5312
45.8000 43.7500
17.1200 17.0000
29.4000 23.5625
24.4900 24.0938
87.0000 51.5000
53.0000 59.4375
16.7400 19.4375
50.0000 53.1875
9.8000 10.8984
30.0600 28.3906
23.5000 22.0312
12.2300 12.3281
39.6300 35.3125
43.9800 43.1250
93.1000 76.8750
58.2000 72.7500
79.2000 93.3125
29.8600 37.5000
34.9000 37.5625
49.5000 60.6250
18.8000 23.2812
113.0000 108.4375
78.6000 79.0625
7.9000 8.8828
8.6200 9.5000
5.0700 4.8789
74.4000 88.6875
98.8000 94.8125
38.8000 39.8125
8.2100 10.5078
81.0000 67.7500
24.6000 30.9688
15.7800 18.4219
28.9000 29.3906
51.9000 61.8438
39.5000 43.2188
19.0000 18.8438
30.7300 31.2188
108.0000 101.3750
62.5000 61.5938
52.0000 57.8125
19.5400 24.3438
118.0000 105.0625
12.1800 11.8906
17.5300 19.4844
90.3000 98.2500
86.3000 105.8750
9.8300 9.3984
89.1000 95.1875
46.0000 48.0312
87.0000 98.2500
21.9000 27.9375
18.1400 18.2031
6.7100 6.7578
84.1000 99.0000
39.8000 54.6875
29.2100 35.4375
27.1000 27.2188
23.0000 26.6719
22.1600 29.9844
17.9000 17.9375
78.2000 75.3750
54.9700 54.4688
9.2100 19.1250
70.0000 71.0625
93.9000 90.0625
31.4000 32.9688
3.8000 3.8457
34.6000 42.1875
15.0000 16.1094
4.0940 3.8926
8.7600 9.3203
3.9400 2.8105
20.1000 26.0312
25.3000 26.4531
14.5300 15.5859
121.0000 50.1875
29.4000 33.9062
81.3000 77.1875
22.1000 25.2031
17.4600 16.4219
113.0000 93.6875
27.6000 32.1875
15.3300 15.5234
7.3800 7.5703
119.2000 114.1250
19.9000 22.2969
78.2000 87.9375
36.7000 36.5938
105.0000 107.1875
8.0000 7.8438
10.3000 10.3359
74.1000 85.9375
37.0600 70.5000
14.8000 16.7656
5.6900 5.9141
50.0900 60.8750
28.8000 30.5312
19.0000 24.7969
19.6000 18.9688
64.6000 72.7500
27.3100 30.4219
12.7000 14.0156
119.0000 109.3125
73.0000 58.5000
45.0700 46.9062
42.1000 56.2188
48.4200 47.9375
23.5100 24.8438
45.9000 51.0938
13.8900 13.2734
63.6000 83.8750
32.7300 34.5938
35.7000 42.1875
93.0000 97.5000
43.7000 45.8750
14.0800 11.9141
43.5500 43.2188
101.0000 108.4375
6.1000 5.7812
19.6000 21.7969
11.0000 11.4453
33.6000 38.0312
69.0000 52.6562
15.2700 13.7812
38.6900 48.1250
18.4000 21.5000
5.6000 4.9258
53.3300 49.4062
26.2000 34.7500
52.5000 52.6562
8.9000 9.3828
3.8920 4.1328
59.0000 67.1875
21.0100 22.5781
24.0000 23.9062
32.0000 32.4375
43.7000 69.3750
74.0000 88.6875
85.5000 100.1875
13.9600 14.5547
14.0000 11.7891
72.1000 76.6250
9.8800 9.5625
73.2000 85.5625
106.5000 106.3125
116.0000 108.8750
37.5000 44.5312
101.0000 102.1875
103.4000 96.3125
26.5000 26.8281
41.6400 45.2500
52.5000 58.5000
112.1000 105.8750
67.8000 69.6250
25.1100 30.2969
43.2000 17.2500
13.9800 14.3984
66.6000 73.6250
47.7000 50.5000
47.4000 55.5625
61.0000 66.6875
37.9000 49.9062
36.0200 38.4062
91.7000 97.8750
18.1000 18.8906
11.5000 13.4141
95.0000 101.8125
106.7000 91.1250
86.9000 93.3125
41.9000 45.1562
37.9000 44.1875
9.0400 9.0234
72.0000 57.8125
12.7000 14.2500
21.2300 21.3594
66.3000 44.1875
4.3120 4.8398
15.3000 15.7188
20.8000 19.1719
59.3000 85.5625
52.0100 56.2188
32.0000 40.6250
49.0000 59.9062
20.3000 22.9062
53.0000 63.0938
22.4000 26.0312
28.8000 31.2188
29.6100 30.6562
94.2000 106.7500
9.3200 9.4844
9.9100 9.8359
26.0000 25.7656
36.5000 35.2188
18.9800 25.9219
107.0000 113.2500
14.1000 15.4609
36.4800 37.9375
14.4000 16.1875
12.2000 13.2969
17.7000 19.1719
9.8000 9.3984
14.1200 15.3906
44.5000 42.0938
71.9000 80.0000
11.0000 11.5469
86.8000 93.3125
64.4000 76.8750
27.1000 42.0312
9.2000 8.9609
21.7000 21.7188
49.0000 67.7500
70.0000 80.9375
12.9000 13.6953
24.2000 23.7500
12.9000 15.2656
37.2000 35.6562
37.2000 41.9375
10.8000 10.3984
81.4000 85.5625
19.1000 23.3750
76.7000 82.2500
26.7000 29.0312
62.4000 64.8750
44.8000 61.8438
48.0000 64.0625
27.8000 31.1562
16.7000 18.4219
41.7000 44.0938
81.5000 96.3125
5.2000 5.1367
47.8000 57.3438
2.8790 2.6504
8.8000 8.7500
49.9000 58.5000
49.9700 64.6250
63.9000 85.9375
23.4000 23.6094
44.3000 45.8750
41.8700 42.6250
14.4300 15.0469
8.8000 8.9609
24.8000 25.7188
59.8000 74.1875
62.7000 80.3125
62.5000 60.6250
21.0000 20.1719
30.9300 43.3750
50.6000 54.0312
34.2000 35.7188
22.5000 23.1875
55.2000 56.9062
56.9000 56.4375
38.0000 44.9688
32.9000 34.3125
89.6000 95.1875
93.4000 75.3750
25.1400 26.4531
94.7000 83.2500
81.2000 81.6250
58.2100 64.3750
38.0000 40.1250
12.1000 12.3828
28.2800 29.3906
39.9800 37.9375
13.1100 12.1172
23.8000 27.8906
74.2000 77.8125
78.3000 101.8125
79.8000 108.4375
26.9000 33.4375
25.2000 30.1094
25.1600 35.0312
25.6400 28.5156
57.6100 63.3438
19.8000 19.6094
22.4000 31.3438
9.9800 10.0938
23.0000 17.6875
41.3000 43.2188
31.9000 36.0938
25.0000 24.3438
11.1200 12.3828
46.1500 49.9062
32.5900 38.2500
15.1000 15.5547
69.7000 92.6250
20.2800 22.2969
28.3000 26.0781
42.2100 44.0000
10.1000 9.7969
58.9000 60.8750
16.5000 18.3125
86.7000 94.0625
28.9000 35.3125
19.2000 20.3438
2.5000 3.2012
7.0500 8.4844
58.0000 82.5625
70.1000 58.0312
35.6000 42.7812
5.5000 4.8906
42.0000 51.1875
91.3000 93.0000
88.4000 96.3125
42.1900 44.0000
64.2000 76.8750
9.2200 9.9453
5.0000 4.5938
51.0000 56.4375
5.7400 5.8594
38.4100 40.2188
59.9000 61.5938
59.0000 70.5000
21.3800 22.8594
118.2000 113.2500
39.7000 42.0938
84.9000 95.9375
37.4000 43.3750
14.6000 14.3984
20.3000 22.7188
66.5000 76.0000
98.0000 103.0000
88.1000 100.1875
62.0000 83.8750
19.9100 19.6875
45.0000 53.8125
14.0000 15.4219
21.0700 21.6719
90.0000 105.8750
72.1000 28.0000
27.3000 30.4219
12.9100 12.7266
106.0000 92.6250
69.0000 69.1250
78.0000 79.0625
111.4000 122.5000
37.3000 51.7188
104.0000 108.4375
91.2000 97.5000
9.7300 9.1172
29.2000 38.8750
28.2000 31.9844
20.6000 28.2812
52.3000 59.4375
42.7200 47.9375
35.0000 53.0625
83.2000 85.2500
96.8000 97.1250
14.6000 15.4219
19.0800 21.5781
16.0100 12.7266
33.6000 38.9375
31.1000 42.3750
18.0900 19.2500
19.0000 22.4375
38.2000 44.3438
25.1000 28.2812
5.3800 5.9609
82.0000 101.3750
70.1000 78.7500
71.0000 78.7500
63.2000 57.3438
15.3800 14.5234
19.3000 18.8125
9.1200 9.4609
12.5000 32.4375
60.0000 65.6250
19.0000 21.2812
41.3000 49.9062
32.6300 30.4219
11.0000 7.0352
38.4200 40.2188
15.3200 13.5547
16.0000 13.2969
77.9000 80.0000
32.4000 36.0000
49.5000 61.8438
19.9300 17.2812
65.4000 76.0000
43.0000 50.0000
58.9000 54.9062
36.3000 37.9375
26.1000 35.1562
120.8000 115.9375
9.0000 9.6875
46.2100 45.9688
107.4000 100.6250
23.9000 34.0312
84.0000 93.3125
74.0000 90.4375
21.3000 23.6094
96.2000 96.3125
16.0000 18.8125
14.5400 14.9531
26.8000 28.6875
59.3000 51.0938
104.0000 105.0625
33.4000 28.1094
15.8800 18.7812
18.0000 24.8438
22.0800 22.4375
76.6000 51.9062
14.8570 15.7188
71.8000 80.6250
16.4700 17.8750
18.1000 18.0469
4.1800 3.9551
28.7000 33.5000
95.0000 98.2500
38.9200 42.2812
24.8000 27.1094
38.1000 49.7812
62.3100 86.5625
10.5900 10.5078
24.3600 26.9375
28.8000 29.2656
8.0900 9.8594
21.9000 28.8594
33.3600 32.9062
10.0500 8.5234
17.5000 20.2188
90.0000 93.6875
34.0000 23.9062
16.6000 14.4922
87.2000 96.6875
17.1500 17.9062
9.7800 9.6250
6.7700 6.5781
10.6000 16.5156
80.7000 80.0000
11.6000 11.5234
44.9000 45.5312
6.8000 6.8516
11.5000 9.4219
39.3000 50.9062
118.0000 98.2500
24.0000 27.5469
50.0000 53.2812
34.4000 29.9844
12.0000 13.0781
28.5500 26.7812
8.4000 8.5078
10.5200 13.8984
45.1000 51.5000
99.9000 108.0000
34.9000 54.9062
24.7000 34.0312
19.8700 20.5469
54.9000 66.4375
66.3400 69.9375
54.3000 56.4375
75.1000 111.0000
6.9510 6.2305
58.7000 77.5000
17.8000 25.2031
25.9000 29.2031
29.3000 30.5938
17.9700 18.3906
9.0900 9.0625
73.4000 70.7500
26.8000 35.2188
12.2000 12.9141
31.4500 34.1250
29.6500 33.3750
13.5000 14.3984
16.5400 16.5938
35.8800 38.9375
6.4600 5.0547
11.3900 11.2578
20.1000 21.4062
56.9000 71.6250
23.1000 24.0938
80.1000 79.0625
45.8000 59.9062
101.8000 111.9375
25.1000 25.6094
40.1000 58.0312
23.5900 25.0000
70.6000 75.3750
21.0000 24.4375
38.8100 42.6875
40.9900 44.6250
25.2000 29.3906
24.8000 25.6562
34.2000 34.0312
27.6200 29.5000
24.5000 21.8906
16.1400 18.1719
98.0000 99.4375
28.7200 28.9688
8.6600 8.0391
20.1500 20.2188
41.4000 51.9062
21.2700 25.2031
44.4400 49.6875
25.5000 28.7500
76.6000 93.3125
24.8000 24.5469
45.4000 49.1875
31.1000 36.0938
38.7000 58.7188
6.5000 6.1953
18.4400 21.1875
23.3300 24.7344
29.5900 29.6875
64.0000 70.7500
40.1000 59.1875
48.1000 43.7500
6.2200 6.1211
23.7000 29.4531
4.3000 40.2188
17.0000 16.7188
95.0000 78.7500
23.5000 26.8281
33.9600 43.6562
84.3000 94.0625
15.0000 14.6094
13.7300 13.3281
42.3600 44.0000
109.2000 101.3750
6.4400 6.0508
12.5000 10.5078
21.7200 23.0469
34.0400 38.4062
19.8100 32.7812
105.0000 100.1875
21.3500 20.4219
71.1000 78.1250
35.2000 39.3438
24.3000 29.8125
23.4600 25.4062
46.2000 66.1875
21.8000 20.0469
44.0000 52.4375
86.7000 108.0000
50.2000 66.9375
17.7000 19.9219
76.0000 95.5625
75.0000 129.5000
56.1000 54.0312
37.7000 20.6406
41.6000 41.9375
99.0000 107.5625
25.6300 26.5000
49.2000 52.4375
27.9000 36.4375
33.2500 33.9688
17.3000 21.6250
38.3700 44.7188
96.2000 99.4375
9.8900 9.8594
12.5000 10.1797
58.1000 65.8750
99.2000 108.0000
36.7000 48.7188
21.0000 15.3281
83.6000 109.7500
24.9000 27.6562
77.1000 84.2500
84.7000 90.8125
31.0000 38.0938
15.1700 14.5781
23.3000 41.7812
34.8000 37.3438
18.4000 19.0781
46.1000 56.2188
11.6000 12.1172
14.7500 14.6094
27.4700 28.1094
101.1000 90.4375
24.1900 29.9844
10.9800 10.5547
19.8700 20.0156
43.4000 42.0312
14.8640 16.4844
15.5100 15.4609
73.2000 88.3125
8.6900 8.9609
28.8000 30.3594
10.3000 14.1875
7.1700 7.3906
35.5000 36.5938
14.9000 17.9062
53.4000 60.1562
9.1000 7.8281
37.8000 50.1875
42.3000 55.1250
22.4900 27.3750
44.6600 67.1875
35.9000 37.3438
9.8410 9.3594
22.6000 24.3438
11.4200 11.0156
9.7000 9.5625
10.0000 19.3281
25.2000 25.2500
32.3000 39.5625
81.5000 62.3438
44.3000 49.5000
68.3000 78.1250
5.7400 5.9219
47.9000 60.3750
51.5000 65.8750
21.9000 21.4062
81.2000 86.5625
14.0600 14.1016
31.3000 37.1875
13.1500 12.8281
21.5000 23.2344
60.2000 70.5000
68.6000 84.2500
33.4000 34.3750
43.6000 49.7812
66.7000 103.8125
100.7000 97.8750
4.3060 5.0664
45.3400 56.4375
6.8200 7.8438
16.5100 18.0156
90.8000 94.8125
15.5000 15.8125
26.9600 31.2812
66.7200 83.8750
77.9000 100.6250
3.9500 4.3125
9.9000 11.3750
40.6000 43.9062
116.9000 108.4375
29.0000 19.7188
43.0000 38.2500
67.6000 29.3281
83.4000 92.6250
29.5900 37.7188
20.0700 23.5625
12.8000 15.0781
10.2000 9.4609
25.4600 27.6562
24.0600 26.5625
117.7000 102.6250
26.3000 30.4688
68.7700 77.1875
13.0360 14.2812
100.8000 102.1875
47.1000 52.1250
0.1200 0.2590
19.4000 20.6719
75.8000 71.0625
55.6000 51.5000
15.3800 15.5234
33.9000 37.1875
90.7000 101.8125
26.0000 28.6250
27.0000 26.4062
38.8000 42.3750
34.6000 43.2188
52.4000 61.3438
87.1000 96.6875
51.9000 58.9688
78.0000 82.8750
28.8400 32.8438
90.1000 77.1875
23.3000 23.7031
5.4300 5.7930
11.9700 10.1562
9.0000 9.7266
15.8000 17.2188
13.2800 12.4844
50.0000 67.7500
41.4000 47.9375
115.8000 105.8750
52.5000 47.8438
71.5000 92.6250
8.0700 8.6406
13.6000 13.5547
14.4000 25.2969
30.4000 33.5625
31.0000 36.5312
66.4000 71.8750
41.6700 38.5625
12.0700 10.6953
18.1700 19.8438
67.1300 68.3125
23.3000 23.7500
30.5000 32.3750
51.9000 50.6875
21.9700 26.8281
34.3000 35.5000
51.7500 61.3438
110.8000 107.1875
31.5700 42.6250
11.3000 11.2266
65.9000 90.0625
32.8000 32.7812
9.4900 10.1562
16.1000 17.5000
54.1000 53.8125
21.0000 18.6562
63.6000 74.8125
39.0000 42.1875
49.6000 57.3438
23.1000 23.7969
74.0000 81.6250
14.6500 14.0469
7.6000 7.6406
56.9000 89.3750
39.9000 53.5938
26.0100 30.8438
67.5000 63.5938
79.0000 87.2500
19.9100 23.1406
4.3190 4.8906
38.7600 41.4375
70.8000 78.4375
35.7000 46.4375
14.4900 15.2656
10.5000 10.8281
20.4500 24.0000
27.0000 29.2656
13.9400 14.8906
10.3000 11.2812
12.9000 12.1953
7.4700 7.5195
55.5000 59.4375
32.0000 33.3750
9.4100 9.8594
49.4000 52.1250
44.4000 43.8125
41.9000 43.6562
14.8000 15.4609
10.9900 10.5781
48.5000 63.3438
14.5000 13.1328
21.6200 23.7969
15.1000 20.2188
8.3200 9.4844
21.6600 20.6406
65.0000 83.8750
17.9000 25.2500
8.9000 8.4844
28.2400 27.6094
90.1000 102.6250
95.2000 102.6250
19.2500 20.9688
19.0000 24.7969
66.0000 72.5000
35.5000 36.3125
18.0400 19.1250
115.6000 102.1875
57.8000 39.1875
42.0000 53.2812
12.1000 11.7656
75.4000 81.6250
9.5000 8.5469
56.0000 93.0000
12.7000 15.5234
14.5000 16.8594
21.0000 20.5469
120.0000 107.5625
105.3000 73.6250
70.0000 91.8750
68.0000 78.4375
95.5000 93.6875
65.4000 84.2500
7.6300 7.5391
15.6000 13.7812
8.1300 7.5195
80.3000 95.1875
49.6000 64.0625
23.0000 25.8750
97.4000 94.0625
15.3000 24.5469
15.7000 16.0781
60.2000 80.3125
34.1000 44.7188
40.8000 57.5625
61.2000 66.6875
96.0000 92.2500
4.2650 4.1484
45.8000 44.7188
77.9000 85.5625
117.7000 99.8125
80.0000 91.5000
32.8000 38.8750
7.4840 7.3906
38.2000 41.8438
98.5000 91.5000
81.0000 88.3125
28.5600 26.8281
62.0000 64.3750
21.0000 23.7969
71.5000 70.1875
15.1600 18.2031
25.0000 23.6094
12.0900 11.9453
4.0240 4.3789
60.0000 78.1250
6.6000 8.0547
9.6500 10.1328
13.1560 13.8984
24.6200 30.1094
90.0000 97.5000
107.0000 98.6250
23.6600 22.6250
16.4000 17.4375
50.1000 52.6562
91.1000 98.2500
14.9000 17.3281
29.0000 30.6562
11.4100 11.2812
31.0000 33.0938
17.5000 18.8906
85.0000 88.3125
12.7000 11.8203
48.3000 49.6875
31.8900 39.0938
43.2000 50.9062
14.0500 16.2812
19.5900 19.7969
20.1600 18.4219
21.3000 22.7656
86.9000 99.0000
41.2000 43.7500
17.9000 18.3906
48.4200 63.0938
17.1200 15.3281
19.5700 19.7969
14.8000 17.5469
11.3200 11.3984
16.7000 18.7344
6.5800 6.6680
26.5000 28.3438
8.6300 9.1406
59.6000 61.3438
13.5000 13.1328
15.0000 19.0000
54.1000 51.3125
110.8000 114.1250
69.4000 81.6250
25.1500 23.9531
38.6000 51.1875
47.8000 51.1875
3.0400 3.2266
37.7300 37.1250
10.9000 11.0859
1.9600 1.7021
12.9000 12.9688
26.6800 28.6250
11.6000 11.1328
38.6000 54.9062
15.2100 20.4688
59.9000 78.4375
98.9000 94.8125
39.5000 47.5625
31.9000 38.8750
90.0000 91.5000
43.2000 79.6875
38.1000 40.1250
43.1400 58.9688
57.8000 65.8750
11.1000 12.3828
27.7000 30.9062
30.0000 33.3750
6.0000 5.8086
20.9000 22.4844
56.3000 46.1562
5.5300 5.7734
35.6000 44.0000
59.6000 82.8750
5.9000 6.0312
14.0100 14.4922
12.9300 14.7656
28.4000 33.2188
21.9000 22.3906
49.7000 63.8438
18.1000 19.5156
30.0100 35.0938
15.5000 15.4219
56.7000 50.3750
12.1500 11.4922
19.2000 18.7031
5.1000 3.4258
97.6000 94.8125
1.7710 1.6240
32.8000 35.8125
8.5200 8.4688
9.8100 9.1562
34.0000 37.7812
46.0000 64.3750
6.3000 6.0664
92.8000 95.9375
22.2000 22.5312
29.7200 35.3750
14.7000 15.3281
10.2500 9.8359
4.9000 5.2109
21.7000 23.7969
65.7000 71.8750
19.0900 18.5781
78.2000 74.1875
41.1000 42.6250
9.1200 10.1797
37.4000 38.0312
7.1700 7.0508
23.5000 25.8125
6.2000 6.2617
50.0000 51.7188
77.6000 75.6875
58.3000 60.6250
46.6000 59.6562
97.9000 99.8125
80.2000 91.5000
11.5300 11.8438
39.9000 36.5312
38.4000 39.0938
28.5600 29.6250
4.3770 3.6973
83.6000 89.3750
8.6700 7.9141
25.1100 24.0469
65.7000 73.0625
18.0000 21.8906
17.0900 18.5000
42.2000 52.3438
67.1000 84.8750
22.6000 23.7969
17.9400 18.2344
25.0500 28.9688
42.0000 32.9688
8.7800 8.8047
20.0000 26.7188
22.2000 24.4844
68.6000 69.6250
24.6000 36.7500
10.5100 11.6172
16.4000 19.6406
50.4000 54.6875
9.2100 10.1797
26.3000 28.7969
6.5600 6.0234
26.1000 30.0469
35.4200 40.7812
5.2800 5.4844
29.0000 34.4688
48.6000 37.4062
11.3900 11.1562
16.1800 15.8828
16.7200 17.3281
26.3200 27.9375
55.4000 62.5938
83.2000 97.1250
57.0000 54.4688
76.7000 80.9375
63.8000 63.3438
102.6000 92.2500
20.0000 21.2344
11.5200 12.8281
26.0000 35.7188
77.0000 100.1875
38.8000 34.1250
27.0000 26.7188
65.1100 65.1250
94.7000 97.5000
96.0000 97.5000
40.0000 42.9688
14.5800 15.4609
16.4000 17.3281
78.0000 81.3125
54.7000 44.1875
8.0400 7.7734
12.7800 12.9922
20.6000 20.2188
25.0000 29.5625
58.0000 76.6250
9.0600 9.2969
28.9000 29.0312
18.7100 19.3594
23.4200 22.6719
94.6000 87.2500
35.5100 41.8438
23.4300 25.2031
21.8500 28.4531
60.3000 95.9375
21.0000 16.3750
15.8000 15.2969
43.5000 48.8125
68.4000 71.8750
76.5000 91.5000
65.0000 72.7500
59.9000 38.1875
39.0000 36.2188
106.6000 86.2500
5.5800 5.5469
63.1800 70.7500
98.0000 111.4375
77.5000 48.0312
48.7000 54.0312
0.2700 0.5132
65.6000 91.8750
19.5000 20.0469
3.7310 4.0039
43.6000 57.8125
43.9700 54.6875
84.3000 115.0625
19.0000 22.2031
22.0000 24.5469
35.0000 36.9062
11.3400 14.7969
48.7000 43.2188
3.5000 3.4473
9.8000 10.6484
51.8000 54.2500
29.6000 29.9844
90.0000 107.5625
87.0000 92.6250
71.6000 97.1250
11.2700 12.2500
38.8000 36.2188
18.4800 19.7969
13.7000 14.6719
34.4300 40.6875
44.9000 57.8125
14.7400 14.8906
17.9000 21.7969
70.1000 83.2500
6.9000 6.2656
12.4800 12.7266
14.1000 17.6562
5.3000 5.4336
36.8000 35.8750
76.4000 87.9375
24.8600 30.1094
54.1300 66.1875
14.2800 14.9531
54.0000 64.6250
62.1000 79.6875
25.3400 26.2344
52.0000 57.1250
57.0000 59.9062
31.8000 41.3438
113.0000 110.5625
19.8900 20.7188
10.0000 10.2031
87.5000 90.0625
11.6500 12.1953
111.0000 102.1875
97.0000 89.7500
80.2000 84.5625
13.6800 13.5234
10.5000 12.5938
15.9200 16.6250
17.3600 18.0938
51.4000 61.8438
33.4000 36.3125
80.1900 94.0625
99.2000 95.9375
15.3400 14.5547
13.9000 11.5938
25.1000 28.3438
27.5000 28.6250
18.3700 18.4219
85.9000 65.3750
30.5000 28.7500
89.0000 97.8750
75.2000 76.3125
34.1000 35.6562
78.2000 88.3125
64.0000 75.3750
36.2000 41.0312
91.7000 94.4375
11.8300 12.3516
5.7200 5.9219
51.1000 53.0625
36.8000 35.2188
30.0000 28.2188
31.1000 35.1562
29.7000 28.8594
8.0200 7.9844
42.7000 42.9688
15.2100 16.6875
12.7000 14.1641
26.7200 28.3906
31.1000 31.7969
106.2000 99.4375
24.7000 26.5625
84.0000 102.6250
20.6900 20.6719
10.7000 12.7500
5.2800 6.1758
53.4000 53.2812
12.3400 11.4688
30.1000 31.6094
5.2110 4.9297
21.6000 20.8906
22.1000 27.3281
29.0000 50.3750
57.0000 61.3438
19.5000 25.2969
18.4100 18.5000
65.2000 95.1875
120.5000 108.8750
77.7000 73.6250
13.2000 10.3984
36.2000 36.2188
13.5100 12.6953
48.2000 46.4375
22.6000 23.9062
2.1000 2.1035
78.3000 70.7500
8.2720 8.3984
28.9000 41.1875
28.8000 32.9062
19.3100 25.8125
3.6500 4.0156
26.6000 31.0938
18.9200 19.0781
15.1000 18.4688
38.7000 41.8438
24.5000 29.9844
83.5000 74.1875
42.7000 44.7188
25.8100 31.7344
3.0930 2.7305
12.4000 12.5391
10.0000 10.2031
44.4300 45.8750
96.4000 95.9375
63.6000 74.5000
2.8010 2.9238
58.0000 71.3125
9.0400 9.1016
33.5200 36.2188
43.7000 44.1875
18.6100 23.8438
80.7000 97.5000
45.8000 52.6562
10.3400 10.5312
33.0600 28.2188
34.5000 34.0312
20.7100 20.5938
48.3000 56.9062
43.8000 48.2188
24.1100 25.1406
79.4000 70.7500
52.0000 92.2500
7.4500 7.7227
69.0000 112.8125
22.0500 26.6719
117.4000 105.8750
116.8000 118.2500
68.3000 63.0938
37.5000 48.7188
104.0000 98.6250
42.2000 54.4688
9.5000 9.5625
23.1000 27.1094
39.7000 45.1562
36.8000 26.4062
16.7500 17.6562
30.9600 38.3125
22.6500 21.8906
53.0000 59.1875
55.3000 55.3438
46.8500 62.5938
35.0000 38.1875
88.0000 95.1875
14.8800 15.3594
78.1000 94.4375
20.2200 21.8906
20.3900 22.6250
28.9000 37.7188
48.1000 54.2500
27.4000 28.7500
28.9100 32.1250
73.0000 79.6875
96.7000 103.4375
113.9000 103.4375
79.9000 90.8125
24.8400 21.4531
26.8900 26.4531
65.0000 53.0625
94.0000 92.6250
32.2400 30.5938
22.8400 23.1406
24.5000 26.8281
69.6000 93.3125
35.6000 41.6875
18.4000 21.3594
41.1000 43.5625
34.4000 36.2188
121.7000 116.3750
33.0000 30.4688
62.3500 68.3125
49.6200 60.6250
13.2900 12.9922
6.9600 7.4219
16.3000 17.1094
60.6000 51.0000
120.9000 89.7500
98.0000 76.8750
116.0000 104.2500
8.3180 7.1797
65.4000 85.5625
54.4200 51.5000
4.6700 5.1445
18.9000 18.6250
52.0000 66.4375
38.1000 39.4062
17.8000 18.1250
41.2400 43.0312
89.7000 96.6875
57.3000 68.0000
54.7900 74.8125
46.0700 49.6875
17.1700 17.0469
11.1500 11.2266
30.1500 29.0938
21.8000 23.2812
31.4600 30.2344
60.4000 79.3750
24.6000 26.5625
17.7700 21.3125
4.9000 4.9844
40.0000 50.1875
14.7000 17.3906
14.4000 15.7500
37.2000 49.3125
99.2000 108.8750
7.2000 7.0039
18.0000 17.1094
31.8000 43.2188
10.3500 9.8125
14.5000 14.2500
110.0000 98.2500
4.7900 5.1367
14.6000 16.3125
16.7600 16.4531
102.9000 92.2500
14.5400 17.2500
89.6000 94.0625
93.0000 95.1875
92.9000 104.2500
24.0500 29.7500
9.0000 10.3125
47.2000 58.0312
17.5100 18.6250
32.9000 38.4688
24.0000 26.5000
108.0000 99.0000
17.8000 19.0781
35.6000 36.1562
72.2000 81.6250
31.9000 155.1250
4.9500 5.2461
38.0000 52.3438
67.9000 72.5000
21.1800 23.9531
44.0000 47.2812
23.8500 29.3281
14.4800 13.6641
27.8000 30.7812
110.0000 100.6250
50.1000 48.6250
30.7000 30.8438
25.6400 27.6562
25.3000 29.4531
20.6000 22.5781
10.2000 11.3984
1.5400 1.4512
41.5000 41.5312
40.7000 39.8125
18.7600 18.0469
18.7100 23.4219
25.3300 29.0312
9.5400 9.2422
16.7900 15.6875
28.5000 28.8594
19.5900 18.1250
20.0300 26.8906
30.0000 35.5938
18.6600 19.5625
34.8000 43.2188
67.6000 86.2500
25.0400 21.7969
10.7000 10.6719
44.4000 51.9062
101.0000 109.7500
14.0100 13.9844
47.2000 63.0938
115.7000 107.1875
24.7000 29.0312
89.3000 87.9375
46.5000 46.8125
61.3000 80.9375
47.2000 58.0312
9.3000 10.2656
42.4000 42.1875
17.6000 21.3594
89.8000 89.3750
17.4600 15.8125
13.9700 13.8125
65.3000 75.1250
116.0000 102.6250
33.0000 37.5000
19.7000 20.5000
58.1000 63.8438
79.8000 99.8125
19.2500 18.2344
33.8000 31.6094
11.3500 11.4922
7.9000 7.6562
34.4000 35.0938
91.7000 96.6875
45.6000 49.5938
96.5100 116.3750
13.4900 14.0469
37.5000 39.0938
39.7600 43.4688
10.1500 8.1797
84.6000 82.8750
47.9700 43.5625
8.6950 8.4297
36.9100 40.6250
44.8100 43.1250
32.3400 32.4375
17.8000 23.0938
66.0000 72.7500
5.0010 5.6562
38.1800 37.8750
22.1600 22.7188
46.9000 61.1250
17.5000 16.2500
11.4000 10.3516
21.3100 22.0312
36.2000 39.3438
4.9000 4.9141
96.3200 80.9375
58.4100 71.8750
21.0000 30.4688
39.9000 42.8750
13.1000 14.0469
67.4000 83.5625
19.2100 18.8906
102.2000 101.8125
86.4700 100.1875
44.2000 52.5312
32.0000 37.4062
111.8000 103.0000
41.9000 43.2188
101.3000 81.3125
34.2400 31.9219
36.5100 37.2500
14.9000 14.5547
63.5100 77.1875
11.3800 11.2031
12.5000 12.9922
30.3900 38.9375
91.3000 94.0625
12.6000 14.0156
116.9000 102.6250
50.0000 61.5938
95.5000 92.2500
24.5000 29.2656
69.7000 81.3125
36.7000 56.9062
10.9300 10.4219
19.2500 18.2812
61.8000 52.1250
48.7000 80.0000
35.6300 39.0938
48.4100 47.2812
47.4000 54.6875
55.4000 83.8750
81.0000 80.0000
43.6900 45.5312
59.7000 59.9062
72.5000 84.2500
33.4000 21.9375
74.6000 83.8750
15.2000 14.1875
12.7400 12.3516
15.4000 17.2500
8.1200 7.9492
61.0000 75.3750
94.2000 30.0469
105.4000 103.4375
102.0000 105.0625
25.1000 32.7812
104.7000 104.2500
13.4200 15.5547
115.8000 107.1875
15.8300 17.2500
12.9700 11.4453
72.1000 87.6250
85.0000 112.3750
20.3000 18.0156
85.2000 92.2500
30.4300 30.4688
111.0000 121.5625
48.0000 55.1250
44.0000 53.0625
21.9000 23.3750
7.3000 7.0664
13.8400 13.6953
21.3100 21.5781
38.7000 49.1875
87.0000 120.1250
40.2000 40.2812
22.0000 25.3438
7.4000 7.2422
94.0000 99.4375
16.2900 16.3125
36.2400 40.0625
100.7000 93.0000
4.9810 5.3828
10.9600 16.9062
39.6500 42.6250
9.3600 12.2266
15.2700 17.0000
15.5700 15.7188
28.0900 28.0000
11.9900 12.0469
7.7800 8.2656
121.4000 100.6250
65.2000 69.1250
67.0000 89.7500
101.5000 94.0625
13.8000 12.4297
41.5000 53.2812
25.7000 31.2188
24.2000 33.3750
42.6000 52.6562
114.0000 99.8125
56.4100 80.9375
6.5600 7.2734
27.8000 31.4688
74.4000 86.9375
78.2000 38.0938
9.4100 9.4219
24.5000 26.3438
55.6000 52.5312
8.5500 8.7344
44.7000 55.7812
36.2000 38.7812
80.0000 89.3750
25.6000 27.1094
32.0000 42.0938
75.2000 70.7500
40.6000 43.6562
105.1000 69.6250
47.2000 60.1562
40.0000 48.4062
96.8000 101.3750
16.7000 15.9766
19.4200 21.6719
64.8000 80.9375
5.8900 6.8828
7.7900 8.5078
9.4200 8.5469
42.3000 52.2188
13.3900 14.6094
82.0000 81.9375
90.0000 89.0000
28.2000 32.0625
10.9000 10.8516
17.1100 18.9688
28.9000 30.7188
22.2700 21.8906
19.4800 20.1719
15.5000 17.2500
16.6000 20.3750
42.6700 43.8125
52.0000 56.9062
30.5200 27.7656
114.0000 98.6250
33.8000 38.0938
53.8400 62.8438
6.8900 7.1484
21.9000 23.4688
61.3000 64.0625
12.1000 11.9453
32.1000 33.9688
37.5200 46.9062
56.4800 66.6875
23.9300 22.6719
83.5000 86.2500
16.0000 16.3438
12.4000 14.6719
13.3000 11.5703
14.2200 15.2969
34.5000 38.1875
98.2000 85.9375
109.9000 102.6250
53.5000 69.1250
102.3000 98.2500
14.8000 15.5859
3.8100 6.2617
59.8000 63.8438
9.5100 10.5781
39.9000 43.6562
24.1000 25.5625
16.8600 18.4688
74.5000 82.5625
41.0900 43.7500
18.1000 19.1250
104.0000 75.3750
11.4000 13.0234
27.0000 29.5000
29.4300 30.2344
6.7900 7.6562
47.7000 48.4062
41.4200 44.6250
24.0000 26.7812
71.0000 64.0625
25.9400 25.6094
64.8000 83.5625
27.3000 25.8750
7.7700 8.4141
13.3500 15.0781
8.2000 8.9453
37.8000 36.0938
53.0000 68.3125
13.7000 15.7188
93.8000 95.5625
16.0900 14.4609
6.0000 6.3750
109.7000 103.0000
50.9500 65.3750
26.3000 14.5547
16.5900 17.1094
54.9500 61.5938
102.0000 117.8125
22.8000 23.4688
70.2000 87.6250
56.8000 58.2812
46.1100 57.5625
23.5000 30.3594
68.6000 62.8438
9.7700 9.9844
8.1900 8.9453
10.2000 11.0859
85.9000 97.5000
103.0000 99.4375
104.1000 95.5625
49.7000 52.3438
82.1900 85.9375
13.0000 14.9531
91.0000 97.5000
23.2000 15.8125
76.0000 67.5000
16.7000 16.5156
101.0000 99.0000
104.1000 89.0000
35.2600 34.9375
60.6700 71.6250
70.5000 73.6250
8.4400 8.2344
12.8700 13.5547
7.4000 8.1953
12.9500 15.0156
5.2940 7.7422
81.6000 86.2500
5.1000 6.1133
20.4000 17.3906
4.7500 5.2031
21.2000 21.9375
14.7900 15.6875
53.9000 51.5938
83.9000 98.6250
52.0000 54.2500
54.3000 65.8750
17.1000 19.7656
19.2100 21.1094
43.9000 51.0000
87.0000 79.6875
12.6400 26.9375
21.6300 23.6562
11.9800 12.4297
7.9600 8.0391
24.7600 28.5156
48.3000 53.8125
47.0000 46.4375
42.2000 45.2500
28.2000 30.4219
56.7000 74.5000
59.3000 67.7500
60.4000 75.3750
26.1000 33.3750
56.1000 73.3125
16.8000 17.2500
56.3000 62.8438
29.0000 28.8594
121.0000 104.6250
41.4000 43.7500
102.1000 99.4375
12.4000 12.6172
11.5100 12.0938
35.5000 43.3125
120.0000 99.8125
60.7900 79.3750
106.6000 89.3750
51.3800 69.3750
26.1100 26.8281
22.9000 26.1875
15.0000 16.4531
22.4000 25.2969
20.3200 19.2500
53.7000 37.6250
120.8000 105.5000
21.3000 21.4531
27.5900 30.4219
16.7000 18.3906
18.0000 19.6875
25.5000 23.4219
30.9000 28.7500
31.0900 37.9375
10.6500 11.2031
20.8000 28.5156
43.5000 18.8125
4.6500 5.0352
12.1000 14.2500
18.7300 20.5000
48.0000 53.1875
7.8840 8.2656
99.7000 92.2500
36.0000 40.8750
6.2900 7.0039
17.5000 16.5938
6.2000 6.1953
4.9000 4.7656
25.5000 30.3594
10.7000 12.1484
91.8000 78.7500
13.3000 16.7656
20.4000 22.0781
26.2000 32.3750
90.8000 95.9375
31.2000 32.1250
110.0000 115.5000
26.4100 24.4844
105.6000 76.3125
7.8000 13.1016
10.6500 11.8906
7.8000 8.4297
54.6000 68.5625
7.5000 8.9219
22.8000 23.2812
21.1600 24.1406
3.6600 4.1680
86.0000 90.0625
56.2000 62.3438
22.9000 29.4531
10.0900 11.1797
10.3700 9.9219
70.8000 81.6250
78.1000 66.4375
97.7000 95.9375
13.6000 12.5391
90.7000 95.9375
53.5000 54.2500
4.3000 4.6875
18.8800 20.9688
19.5000 25.0469
12.1000 13.8359
8.9300 9.0781
9.8800 11.9453
14.9000 19.5156
15.7200 15.7812
80.4000 79.3750
85.0000 86.9375
9.6700 10.9453
9.2000 10.8516
18.3500 21.6250
56.0600 62.0938
20.8500 22.6250
41.8000 40.6875
110.0000 101.0000
41.3000 47.2812
50.3000 47.5625
115.4000 98.2500
38.7500 38.5625
14.4000 14.8906
76.3000 104.6250
74.0000 103.4375
17.1300 22.0312
28.9100 31.1562
31.7000 34.6562
111.1000 101.3750
27.7800 30.1094
12.7000 12.4609
14.0000 16.3125
19.6900 19.9688
51.3900 54.9062
64.0000 54.4688
48.2000 60.3750
49.3000 47.8438
19.5700 21.4062
19.8000 24.3906
67.9000 79.0625
21.5000 30.3594
67.7000 52.7500
15.5000 17.1406
25.1500 30.9062
55.1000 70.7500
32.0300 31.4062
37.2000 42.5312
53.6000 55.3438
26.0800 40.9375
54.0000 63.3438
9.1100 8.9609
12.5000 11.9453
14.3300 14.0469
109.0000 107.5625
27.9000 39.1875
14.4500 14.8906
32.7000 40.9375
17.8000 18.0469
6.7600 6.8945
93.0000 82.8750
8.0200 7.8086
17.8000 30.2969
4.2000 3.8926
47.5000 49.3125
41.8800 42.7812
16.1000 16.1094
42.2200 43.7500
25.9000 26.6094
10.6820 10.3125
37.6000 42.1875
71.7000 79.6875
119.7000 112.8125
79.0000 101.3750
27.5000 32.6875
43.8000 50.5938
11.1000 9.8125
1.4720 1.6553
48.9000 59.1875
88.7000 95.5625
115.6000 96.6875
63.3000 61.1250
6.5800 6.4180
19.1100 21.5312
23.9000 34.5938
24.5900 26.5000
63.0000 73.9375
55.1300 58.2812
79.0000 88.6875
12.8700 13.2188
62.8000 81.3125
67.2000 71.6250
11.4000 12.9688
112.4000 104.2500
15.8000 15.6484
60.2000 61.1250
76.3000 77.8125
16.4000 20.9688
61.0000 70.1875
66.8000 80.3125
38.5000 39.0938
11.5000 11.3750
18.4900 20.0156
81.0000 107.1875
5.9500 6.6836
16.0800 17.2500
12.7000 13.0781
1.5320 2.1465
5.0300 5.1875
31.6000 36.3750
74.3000 73.6250
17.7400 17.8750
25.6900 25.4062
5.9600 7.5703
7.3400 7.8086
19.0900 18.8906
16.4500 16.6250
47.3000 55.3438
64.1000 73.3125
23.2000 23.9531
120.0000 112.3750
36.5100 40.7812
10.2500 9.8984
79.0000 54.6875
51.1000 42.5312
13.5000 13.5234
30.6000 40.4688
69.5000 71.3125
104.8000 92.6250
3.1150 3.4551
32.3500 38.3125
62.6000 63.5938
34.4000 49.5000
23.0200 25.2500
33.9000 38.7812
32.1000 37.8750
82.0000 91.5000
12.2700 11.0391
27.2000 27.2656
60.0300 70.5000
45.8600 43.6562
80.0000 71.8750
56.9000 52.4375
62.8000 59.6562
26.4300 24.9375
51.2000 59.1875
70.0000 81.3125
44.4000 49.6875
9.7600 8.8672
16.1300 15.8125
119.2000 106.3125
66.7000 24.3438
17.9000 17.4688
71.0000 76.6250
7.8700 6.8828
11.4000 10.7812
15.0000 15.8828
8.0800 8.0703
18.2000 21.2344
68.1000 82.2500
62.6000 80.9375
51.5300 62.0938
60.7000 68.8125
21.4500 19.5625
84.2000 103.0000
19.7300 20.5000
27.0000 27.3750
28.0000 30.3594
30.9000 39.2500
13.0600 12.7500
86.8000 99.4375
26.4000 27.7656
34.8100 47.0000
17.7200 17.8750
6.9100 6.3398
26.7400 26.5000
62.0000 63.5938
8.0800 8.3438
20.5000 20.5000
5.5800 5.0469
16.5300 20.4219
45.5000 59.4375
21.4000 23.6562
18.4800 18.5781
47.7000 48.1250
16.6000 16.3125
23.4000 25.0938
5.8000 7.4883
69.0000 90.8125
32.6000 32.5625
27.0000 41.3438
11.3900 11.0859
25.5500 29.2031
14.1900 13.6094
36.9000 40.3750
19.2000 21.6719
36.7000 41.0312
35.5000 34.8750
24.8000 25.4062
16.1100 16.5938
26.0000 35.3125
22.3000 25.8125
44.5000 52.3438
11.1500 11.9922
32.7000 32.1250
10.7300 9.3203
36.3000 37.7188
4.3590 3.8691
105.3000 104.6250
13.6000 15.5859
33.8000 34.4688
35.2000 37.8750
17.5900 21.2344
21.6000 25.2969
29.0000 30.0469
63.8000 80.0000
80.4000 108.4375
42.9000 43.5625
46.0000 53.5938
57.5000 79.3750
10.4300 9.0391
33.8300 38.4062
45.8000 44.7188
79.9000 85.5625
20.6400 20.5000
23.8100 26.1406
104.0000 120.6250
37.0000 41.7812
28.2000 32.7812
19.1100 18.9688
37.3200 53.5938
62.8000 85.5625
15.0000 14.5781
48.1000 60.8750
76.7000 110.5625
65.7000 79.3750
21.1000 24.2969
10.5000 9.7266
33.9000 63.0938
105.3000 93.6875
50.8900 63.5938
69.2000 90.8125
22.0000 22.3438
51.8000 69.1250
34.5000 36.4375
92.8000 109.3125
21.6000 21.2812
46.3000 67.1875
35.9600 40.7812
98.3000 111.0000
6.2200 8.7891
41.3000 48.0312
46.8000 46.9062
44.4000 41.6875
22.7400 27.6094
61.2000 26.4531
90.1000 109.3125
51.1000 54.4688
72.2000 84.8750
8.8100 8.8828
105.3000 115.0625
55.8000 70.5000
38.6000 56.9062
40.8000 43.6562
84.6000 68.3125
8.5300 8.7109
51.0000 54.4688
28.7300 34.3750
79.0000 118.2500
56.5500 70.5000
63.0000 69.1250
94.0000 99.4375
38.3000 34.3125
49.3000 58.9688
30.4000 35.0312
14.5000 14.3438
8.2000 8.7891
20.9500 25.4531
12.4000 12.5625
110.1000 100.6250
11.8000 11.7656
62.7000 79.3750
40.0000 52.0312
17.1000 17.5000
19.5500 20.8906
50.5000 70.1875
7.7200 7.9492
60.0000 54.4688
88.9000 101.3750
21.0000 28.6875
20.5000 22.0781
9.8400 9.2969
10.9670 11.8672
33.0200 36.3750
57.5000 95.1875
92.5000 99.4375
51.0000 48.5312
18.1000 21.0625
61.0000 76.3125
26.6000 25.9688
11.8800 12.6719
15.4700 15.8125
18.6200 21.3125
118.0000 116.8750
10.1200 10.2266
18.0000 19.7969
92.0000 92.6250
37.9000 42.6250
68.4000 83.2500
18.0300 21.8906
28.5700 24.0469
119.4000 108.8750
75.4000 64.0625
24.9300 27.2188
105.1000 108.4375
10.2000 10.3516
16.7600 16.7656
67.9000 60.6250
99.1000 101.0000
43.6000 44.1875
56.7000 84.2500
29.3500 35.2188
33.1700 34.8125
62.7400 72.7500
40.4000 46.3438
74.6000 81.9375
24.0000 25.3438
53.6000 83.2500
9.6900 9.6484
6.6800 7.0195
42.9200 39.9688
30.3000 32.1250
78.3000 84.8750
47.3000 58.5000
67.6000 83.5625
20.6000 23.2344
111.0000 108.0000
6.7300 7.1484
36.5700 37.5000
79.4000 89.7500
108.9000 78.1250
2.3420 2.1719
53.0000 62.0938
49.8000 54.0312
28.4000 29.3906
84.8000 90.8125
11.3000 10.3125
21.7000 24.0469
55.4000 56.9062
50.8000 64.8750
23.7100 29.0312
17.2100 18.9219
51.0000 94.4375
40.2000 40.4688
28.3000 34.4688
34.5000 49.4062
5.4700 5.4375
54.0000 72.5000
58.0000 64.8750
91.0000 99.4375
17.7200 16.6562
31.6900 33.8438
13.9000 16.3438
70.0000 75.6875
27.3000 25.6562
25.7000 29.5625
37.9400 47.9375
6.4000 6.9727
25.4100 26.3438
51.0000 25.5625
46.2800 49.7812
66.8000 59.1875
1.9170 1.7236
78.0000 78.4375
99.3000 101.3750
94.0000 101.8125
83.2000 89.3750
10.5000 11.2578
34.3000 38.6250
17.0500 16.3750
80.0000 77.1875
30.7000 30.4219
22.7000 28.1094
88.9000 89.3750
41.3000 45.1562
98.1000 95.9375
45.9000 49.3125
73.9000 80.3125
51.0000 56.9062
110.8000 112.3750
11.6800 11.7422
112.7000 108.4375
53.3000 63.8438
41.1300 48.8125
36.1500 36.7500
17.0500 22.3906
12.5000 21.8438
63.0000 69.3750
41.8500 50.7812
65.9000 94.4375
26.4000 26.7812
80.1000 93.0000
68.6000 71.3125
19.8000 39.0312
17.7000 19.8906
8.2500 8.9219
26.6900 25.0469
34.1000 43.8125
33.4300 43.6562
73.3000 101.0000
63.6000 83.5625
57.7000 85.2500
12.0500 15.9141
36.4000 41.6875
19.4100 20.0469
16.3000 16.0781
15.0600 15.7500
14.4000 14.4609
27.8000 27.6094
13.9400 13.6094
57.9000 67.1875
49.9000 47.2812
41.7000 43.2188
53.8000 70.1875
39.8000 46.2500
26.2400 29.1562
57.0000 53.5000
57.0900 62.0938
91.0000 104.6250
111.2000 105.0625
57.2000 73.3125
22.0100 23.0469
4.5400 4.9102
21.1900 27.4375
6.2000 6.4336
73.4000 77.5000
46.0000 44.3438
39.6000 39.2500
98.2000 38.5625
7.3000 7.5391
16.0100 17.9375
6.4100 7.1484
31.3000 33.5000
32.8000 34.7500
7.3200 7.7070
28.5500 29.4531
25.6000 36.3125
10.3300 10.6484
40.7400 46.4375
26.8800 25.7656
4.8600 5.6836
8.8900 10.1172
18.1000 21.3594
40.3000 45.5938
14.5400 16.2812
53.5000 57.5625
55.7000 60.8750
94.7000 99.8125
29.4000 34.8125
26.7100 28.4531
46.2000 66.6875
58.1000 86.2500
50.7000 53.5000
26.0000 30.7188
90.4000 93.6875
12.9000 12.3828
53.5000 76.0000
89.9000 93.0000
10.3900 10.8984
106.0000 108.4375
47.5000 32.3750
41.1000 50.0938
28.7000 25.4062
43.5000 44.2500
57.1000 77.1875
14.3200 13.8984
72.2000 73.3125
10.3700 11.4453
71.0000 78.7500
22.3600 28.3438
4.3580 5.6367
5.6100 4.8516
11.2700 11.3281
18.4000 21.9375
15.0000 16.3125
36.7000 41.7812
100.3000 91.8750
118.0000 103.0000
51.4000 66.4375
53.0000 58.0312
61.3000 67.5000
93.4000 54.2500
6.4000 5.9141
59.0000 65.6250
66.4000 44.8750
88.8000 103.0000
89.5000 93.3125
17.9300 18.8906
42.1600 42.6250
34.4000 35.0938
5.1000 3.6367
63.0000 92.2500
13.5900 12.9922
8.0400 8.7734
19.2000 19.9688
22.3000 30.9062
4.5390 4.7305
22.7000 24.3906
6.1300 7.3555
33.4000 34.5312
7.4300 8.1797
20.8000 24.5469
13.0000 7.1953
13.0000 13.2188
84.4000 95.9375
17.4000 18.5469
15.3800 15.7812
36.5800 45.8750
40.3000 47.7500
26.9000 27.7188
18.0000 12.8281
15.0000 15.2344
40.0300 39.5000
26.7000 32.0625
51.5000 53.3750
73.3000 88.6875
70.8000 63.3438
57.0000 69.1250
7.9800 7.9844
20.6200 25.4531
41.6000 35.8750
45.3000 65.8750
116.0000 91.5000
108.0000 107.5625
46.5000 77.5000
11.9800 15.7500
30.0000 32.9688
98.5000 108.0000
29.2000 29.8594
20.9400 28.7969
27.3400 32.9062
23.4000 22.2500
34.8700 38.3125
15.4900 13.8984
30.9300 37.3438
110.0000 77.5000
16.6000 16.9062
16.3000 19.4062
94.0000 93.3125
48.0500 52.4375
41.0000 43.5625
90.0000 96.6875
31.2700 38.4062
39.0000 43.0312
17.3900 16.9688
103.1000 54.4688
38.3000 39.0312
51.3200 52.3438
47.8000 57.5625
21.9000 28.6250
37.7000 40.4688
26.3300 27.3281
18.8000 20.6719
4.4000 4.9258
15.6000 18.0156
111.0000 85.5625
29.2000 30.7188
99.0000 95.5625
55.5000 47.7500
19.9700 21.6719
69.1000 73.0625
19.3200 22.1562
28.9000 35.9375
60.2000 65.8750
23.8600 25.5000
23.0000 22.8594
9.7000 12.2500
39.7600 42.8750
57.9000 84.2500
58.0000 56.9062
37.1000 37.9375
18.7100 19.7656
30.5000 35.0938
42.4000 53.0625
26.0000 30.9688
19.0000 25.6094
29.3600 44.2500
12.3700 12.0938
19.0500 19.2812
97.0000 98.2500
24.2000 24.5469
93.5000 97.8750
82.5000 100.1875
6.2200 6.1914
27.2000 30.1094
9.2800 8.0859
53.8800 75.6875
10.7600 10.0078
95.0000 111.0000
32.3100 33.3125
39.8400 47.7500
23.8000 26.0781
90.8000 98.2500
47.5000 63.5938
14.4800 16.3125
110.5000 91.8750
106.2000 102.1875
15.8800 16.9375
52.0300 56.0000
93.5000 103.0000
84.2000 89.0000
27.7000 36.4375
28.7900 27.6094
11.0000 11.7656
42.0000 45.2500
13.1000 13.6953
6.6300 6.8828
28.4000 30.5938
17.7700 18.8125
45.0000 47.8438
13.4700 13.3516
4.1740 4.1250
93.9000 107.1875
27.2000 34.9375
9.8600 10.9688
14.1900 14.8281
34.7000 40.2188
43.8000 48.8125
37.4400 41.4375
49.2000 50.7812
16.9900 17.1094
85.5000 100.1875
5.3000 5.1484
43.2000 51.7188
34.4000 35.7188
34.6000 35.3125
7.7500 8.7891
7.9200 8.0391
22.3000 22.6719
39.2000 47.9375
26.3700 28.8594
4.7000 4.5391
77.0000 82.8750
60.7000 68.8125
18.4100 16.1406
8.9000 10.0469
120.1000 103.0000
7.9900 7.8945
22.1600 31.6094
112.0000 106.7500
28.3500 37.4062
21.2100 37.5625
21.9200 24.1406
7.8400 7.3086
29.6400 34.2500
68.9000 69.9375
63.0000 64.6250
