0.4035
0.2316
0.1959
0.1669
0.1593
0.1471
0.1312
0.1192
0.1160
0.1125
0.1299
0.1310
0.1273
0.1205
0.1181
0.1187
0.1077
0.1055
0.1018
0.1036
0.1027
0.1003
0.0976
0.0967
0.0932
0.0891
0.0895
0.0904
0.0911
0.0902
0.1112
0.1081
0.1102
0.1036
0.1053
0.0998
0.1054
0.0953
0.1013
0.1007
0.0973
0.0966
0.0910
0.0927
0.0897
0.0929
0.0899
0.0901
0.0882
0.0895
0.0864
0.0865
0.0873
0.0845
0.0864
0.0848
0.0829
0.0834
0.0829
0.0819
0.0836
0.0795
0.0809
0.0786
0.0805
0.0775
0.0775
0.0780
0.0778
0.0781
0.0886
0.0900
0.0974
0.0937
0.0913
0.0972
0.0909
0.0972
0.0925
0.0945
0.0883
0.0933
0.0911
0.0854
0.0865
0.0863
0.0857
0.0818
0.0888
0.0847
0.0848
0.0820
0.0840
0.0820
0.0814
0.0839
0.0819
0.0804
0.0821
0.0804
