0.4685
0.2659
0.2084
0.1900
0.1726
0.1518
0.1377
0.1317
0.1258
0.1213
0.1642
0.1520
0.1402
0.1387
0.1327
0.1286
0.1224
0.1133
0.1153
0.1151
0.1094
0.1036
0.1001
0.0989
0.0985
0.0959
0.0953
0.0947
0.0941
0.0941
0.1072
0.1167
0.1142
0.1096
0.1072
0.1066
0.1082
0.1141
0.1028
0.1049
0.1033
0.1002
0.0966
0.0972
0.0967
0.0958
0.0982
0.0944
0.0929
0.0906
0.0898
0.0900
0.0904
0.0878
0.0859
0.0887
0.0876
0.0843
0.0849
0.0852
0.0844
0.0844
0.0842
0.0830
0.0821
0.0800
0.0814
0.0804
0.0822
0.0809
0.1004
0.0976
0.0996
0.0950
0.0946
0.0967
0.0948
0.0941
0.0910
0.0938
0.0926
0.0958
0.0940
0.0874
0.0903
0.0896
0.0900
0.0895
0.0898
0.0884
0.0911
0.0890
0.0845
0.0899
0.0866
0.0863
0.0843
0.0881
0.0828
0.0858
