381.9999 252.5000
230.0000 225.2500
205.5999 205.0000
11.2000 11.0156
0.0009 2.7969
883.0001 798.0000
308.0000 267.7500
193.0000 298.7500
190.4000 191.0000
520.0001 459.7500
532.0001 396.2500
168.0000 155.1250
974.9998 755.5000
441.0001 425.0000
1001.0001 767.5000
1120.0000 849.5000
967.9999 696.0000
36.5000 30.6562
112.0000 87.9375
380.0001 245.6250
160.0000 163.8750
86.3000 86.5625
295.0000 275.2500
13.1000 11.8672
145.1000 150.8750
0.1730 1.2227
1000.0001 755.5000
487.9999 442.0000
530.9999 491.2500
930.0001 789.0000
273.0000 262.5000
3.7200 4.0078
105.7000 87.2500
1048.9999 811.0000
485.9999 443.7500
919.9999 849.5000
186.8000 78.7500
164.4000 211.6250
423.0001 416.7500
13.0000 14.7656
867.0002 715.5000
1.0890 1.3389
731.9999 830.0000
193.7000 201.1250
21.8000 29.9219
41.5000 41.6875
536.9999 452.5000
298.0001 241.7500
37.0000 41.1875
450.0000 369.2500
304.0000 294.2500
40.0000 53.5938
619.0000 718.0000
198.0000 202.6250
541.0001 505.0000
0.0727 0.9165
81.9000 72.7500
162.0000 180.1250
607.0000 503.0000
134.0000 141.7500
186.2000 183.0000
180.0000 224.3750
71.0000 74.8125
310.0000 330.7500
959.9999 641.0000
654.1000 588.5000
943.0001 820.5000
1.6570 2.3496
104.9000 89.0000
259.0001 279.5000
199.5000 209.1250
41.0200 44.3438
1.9170 2.5254
61.0000 48.8125
817.0001 782.5000
203.0000 205.0000
450.3001 357.7500
106.0000 124.9375
799.0001 795.0000
928.0001 817.0000
3.5900 3.5254
373.6001 348.2500
62.0000 79.6875
410.0000 332.2500
647.0001 654.0000
79.2000 71.8750
88.1000 99.0000
489.9999 507.0000
774.8001 682.5000
14.8000 28.2812
420.0001 320.7500
1.3350 1.5391
763.0001 672.0000
19.0000 17.5469
128.0000 118.2500
262.0000 247.5000
62.0000 73.9375
768.0001 732.5000
392.9999 274.0000
1028.0000 823.5000
80.0000 180.8750
1110.0000 795.0000
64.9000 66.1875
637.9998 741.0000
154.1000 163.2500
106.0000 102.1875
395.0000 376.5000
159.4000 156.3750
390.0000 344.0000
59.4000 68.5625
315.9999 191.0000
12.9000 13.1562
19.0000 17.7656
359.0000 396.2500
786.9999 633.5000
1.3820 2.1465
401.0001 338.7500
1048.9999 701.5000
210.0000 185.8750
270.0000 232.5000
160.2000 170.5000
725.9999 724.0000
1055.0001 801.5000
257.2000 268.7500
336.4000 306.0000
496.0000 467.0000
9.0000 6.9414
519.0001 456.2500
207.0000 158.2500
380.0001 324.5000
51.8000 53.0625
247.0000 228.0000
691.0001 638.5000
67.0000 90.8125
172.3000 160.7500
749.0001 654.0000
413.9999 425.0000
22.6000 28.6875
0.0291 0.4524
60.1000 76.3125
620.9999 537.5000
21.0000 21.7969
799.0001 712.5000
850.0001 546.0000
330.0000 224.3750
24.2000 17.2188
41.0000 49.0000
264.0001 301.2500
580.0001 452.5000
6.3100 7.9648
115.7000 114.1250
2.2210 2.9023
220.0000 205.8750
1065.0001 804.5000
56.0000 60.8750
702.0001 674.5000
663.9999 726.5000
758.0001 600.0000
240.0000 307.0000
525.0000 507.0000
50.0000 150.3750
589.9999 428.5000
230.0000 254.3750
336.9999 378.0000
930.0001 782.5000
32.0000 23.7031
1018.0001 593.0000
591.0001 577.0000
535.9999 397.7500
743.0000 786.0000
710.3000 523.0000
481.9999 400.7500
11.8000 10.8750
74.3000 91.5000
602.9999 568.0000
384.0000 328.2500
381.9999 378.0000
476.0001 355.0000
18.1000 26.2344
439.7999 327.0000
411.0000 337.5000
146.6000 141.1250
620.0001 586.0000
564.0001 489.5000
268.0000 246.6250
135.4000 129.0000
149.0000 157.0000
509.0000 294.2500
809.9999 616.5000
663.9999 726.5000
333.9999 288.5000
357.0001 340.0000
9.4000 9.1797
439.0000 379.5000
114.0000 105.5000
134.0000 142.2500
7.5000 7.3398
2.3000 2.6504
382.4999 353.7500
625.0001 540.0000
25.1000 37.4062
2.6000 4.3750
735.0000 659.0000
74.6000 72.1875
469.0001 438.7500
886.0001 830.0000
0.6200 1.7236
1000.0001 786.0000
397.9999 373.5000
626.0000 557.0000
597.0001 600.0000
6.9100 7.3555
655.9998 641.0000
287.0000 238.0000
1099.9998 830.0000
520.0001 561.5000
108.0000 115.5000
187.0000 216.6250
1059.0002 876.5000
216.0000 225.2500
0.9560 1.7129
257.0000 250.5000
315.0000 333.5000
400.0000 421.7500
38.6000 34.5938
74.7000 84.5625
470.0000 472.5000
0.0045 0.1401
745.0000 724.0000
156.0000 125.4375
255.0000 400.7500
764.0001 609.5000
313.0000 293.0000
0.6450 1.7773
635.9999 491.2500
240.0000 220.0000
1044.0000 863.0000
276.0001 375.0000
665.0001 643.5000
800.0001 724.0000
75.5000 74.8125
355.0000 334.7500
307.0000 306.0000
42.3000 52.9688
171.0000 157.6250
5.6500 5.4570
731.9999 533.5000
465.0000 394.7500
697.9999 659.0000
26.0000 22.7188
415.0001 329.5000
110.0000 169.1250
51.9000 64.0625
563.0001 503.0000
427.9999 365.0000
219.0000 210.7500
1.7000 1.6191
346.4000 338.7500
352.0000 300.0000
8.5000 7.6211
17.7800 16.1094
575.0000 712.5000
346.0000 346.7500
940.0002 758.5000
813.0002 721.0000
140.0000 157.6250
422.0001 519.0000
350.0001 298.7500
20.0000 91.1250
11.1600 10.6953
611.0000 529.5000
639.9999 643.5000
93.0000 90.0625
464.0000 345.5000
522.0001 387.0000
48.0000 57.3438
1014.0002 860.0000
144.9000 165.2500
769.9000 688.0000
411.0000 222.6250
1008.0001 724.0000
37.8000 53.2812
143.0000 162.0000
691.0001 770.5000
558.0000 550.5000
166.8000 137.3750
86.0000 98.2500
860.0002 729.5000
172.0000 160.7500
0.0895 0.5342
43.2000 43.0312
491.0000 421.7500
342.0000 320.7500
162.0000 180.8750
1109.0002 807.5000
179.0000 180.8750
342.9999 329.5000
294.0000 280.7500
563.7000 521.0000
890.0001 804.5000
525.9999 478.0000
191.0000 258.5000
1099.9998 880.0000
350.0001 280.7500
131.0000 96.6875
141.0000 162.6250
753.0001 741.0000
260.0000 329.5000
160.0000 162.6250
310.5000 296.5000
40.2000 50.0938
210.0000 163.2500
85.0000 90.4375
260.0000 249.5000
401.0001 356.5000
6.2000 5.1133
74.0000 92.6250
242.0000 223.5000
377.0000 390.0000
293.0000 385.5000
18.7000 15.3906
275.0000 289.5000
173.0000 160.7500
377.0000 369.2500
964.9999 814.0000
54.5000 3.0098
59.0000 60.6250
119.0000 111.4375
50.0000 27.6562
65.9000 75.1250
901.0000 404.0000
60.9000 66.1875
290.0000 301.2500
485.0001 515.0000
252.0000 160.1250
29.8000 47.6562
200.0000 257.5000
23.8000 29.6250
152.4000 135.7500
616.9999 529.5000
502.0000 452.5000
415.1001 348.2500
162.0000 163.8750
263.0000 328.2500
166.0000 179.3750
538.0001 554.5000
16.0000 20.0469
216.0000 218.3750
57.0000 73.6250
230.0000 294.2500
477.9999 396.2500
655.0000 597.5000
141.0000 121.0625
56.0000 156.3750
18.4800 14.1016
485.9999 452.5000
3.5600 5.5352
281.0000 277.2500
19.3800 19.8438
205.0000 202.6250
15.1000 13.6094
290.0000 295.2500
129.9000 125.9375
40.0000 47.0000
0.0380 0.5161
39.0000 28.3438
907.9999 846.5000
904.9998 767.5000
669.9999 672.0000
660.0001 643.5000
644.9999 590.5000
572.0001 619.0000
547.0001 443.7500
305.5000 303.5000
959.9999 840.0000
36.7000 58.0312
813.0002 836.5000
93.9000 65.3750
6.6000 7.6211
289.0000 279.5000
3.7500 5.6094
350.0001 345.5000
821.0001 726.5000
25.5000 80.9375
0.0500 1.7236
611.0000 853.0000
48.0000 46.1562
939.0001 659.0000
802.9998 574.5000
436.9999 480.0000
925.0002 732.5000
160.0000 163.8750
529.0001 656.5000
3.6000 6.3906
525.0000 590.5000
15.2700 18.4688
56.0000 70.1875
768.9999 682.5000
35.8000 44.5312
3.5000 5.1484
911.0000 752.5000
649.9999 729.5000
418.9999 370.7500
271.0000 200.2500
88.4000 74.8125
601.9999 472.5000
589.9999 604.5000
80.2000 61.5938
153.0000 209.1250
612.0001 554.5000
788.0000 712.5000
19.0000 23.5156
80.0000 75.3750
125.7000 134.6250
51.9000 55.1250
3.4000 3.7891
330.9999 313.2500
381.9000 304.7500
111.1000 194.8750
62.0000 58.7188
128.4000 141.1250
1010.0002 827.0000
620.9999 485.7500
264.9999 258.5000
423.0001 394.7500
525.0000 420.2500
1099.9998 741.0000
372.0000 323.2500
400.0000 362.0000
189.0000 175.2500
881.0002 741.0000
116.0000 134.1250
525.9999 499.0000
421.0000 393.0000
70.5000 48.6250
584.9999 491.2500
264.0001 291.7500
526.9001 472.5000
88.5000 86.2500
324.9999 332.2500
13.7000 21.3125
94.0000 103.4375
270.0000 248.5000
60.5000 51.8125
12.0000 12.4062
800.9999 651.5000
854.9999 863.0000
57.9000 68.5625
241.0000 220.0000
127.0000 138.3750
1033.0002 827.0000
556.1000 503.0000
815.9998 721.0000
29.7100 34.4688
772.0000 770.5000
1.6850 3.1523
2.2000 3.4902
1091.0000 849.5000
770.0000 770.5000
163.9000 149.1250
880.0002 750.0000
159.0000 144.0000
540.0001 474.2500
381.0001 388.5000
353.0000 330.7500
0.7880 2.0156
37.1000 40.6250
29.5000 55.7812
454.0000 521.0000
379.0000 393.0000
48.0000 53.8125
297.6000 253.5000
138.0000 113.2500
275.0000 273.0000
220.0000 192.6250
1000.0001 792.0000
324.9999 287.2500
911.9999 741.0000
62.1000 69.3750
789.9999 680.0000
580.0001 507.0000
10.0800 8.8828
282.0000 193.3750
16.4900 13.9297
299.0000 258.5000
1057.0000 776.5000
530.0001 656.5000
172.0000 162.6250
262.0000 387.0000
152.0000 173.2500
62.4000 90.8125
1008.0001 738.0000
333.9999 509.0000
730.9999 633.5000
788.9999 786.0000
381.0001 333.5000
827.9999 811.0000
683.0000 621.5000
49.5000 66.6875
250.0000 291.7500
1.6120 2.2461
7.5000 11.4453
45.1000 36.0938
917.0001 833.5000
50.0000 188.8750
110.0000 135.2500
45.0000 48.4062
166.0000 177.3750
668.0000 638.5000
1059.0002 659.0000
306.9000 293.0000
64.6700 60.3750
22.0000 23.0469
940.0002 804.5000
131.0000 135.2500
971.0001 607.0000
124.0000 134.6250
637.9998 590.5000
712.9999 631.0000
5.1100 5.2109
363.0000 433.5000
967.9999 820.5000
24.0000 31.6719
819.6000 758.5000
26.0000 21.4531
472.9999 463.2500
1.0000 7.2109
47.0000 41.9375
435.0001 540.0000
509.0000 461.5000
720.0002 690.5000
31.0000 26.4531
854.0000 729.5000
56.8000 54.6875
20.8000 21.7969
120.0000 116.3750
285.9999 235.2500
247.0000 298.7500
3.0000 20.1250
310.0000 291.7500
320.9999 367.7500
48.0000 59.9062
737.0000 696.0000
240.0000 205.8750
93.0000 79.3750
21.1000 26.4531
295.0000 384.0000
470.0000 463.2500
752.0001 729.5000
390.0000 353.7500
562.0000 542.0000
62.8000 78.4375
329.0000 302.2500
1031.9998 897.5000
538.0001 507.0000
709.9999 814.0000
648.9998 672.0000
959.9999 776.5000
943.0001 827.0000
260.0000 303.5000
820.0000 747.0000
357.9999 497.2500
135.0000 126.4375
106.7000 94.8125
278.0000 860.0000
107.1000 122.0625
150.0000 233.3750
435.0001 336.0000
960.9998 911.5000
85.7000 102.6250
33.0000 36.9062
7.4900 8.1562
320.9999 304.7500
547.9999 483.7500
32.5600 45.2500
89.0000 99.0000
489.9999 410.5000
224.0000 205.8750
113.0000 125.9375
672.0001 641.0000
250.0000 198.7500
97.5000 100.1875
545.0000 483.7500
33.1000 25.4531
33.2000 11.0391
261.0000 247.5000
158.0000 171.8750
266.0000 248.5000
112.0000 125.9375
533.0001 472.5000
98.8000 122.0625
930.9999 798.0000
248.0000 224.3750
216.0000 220.8750
677.0001 680.0000
340.0000 239.0000
364.9999 729.5000
228.0000 262.5000
149.0000 253.5000
612.0001 445.5000
89.9000 97.5000
557.0000 568.0000
166.0000 172.5000
408.0001 412.0000
28.6000 25.2500
12.1000 9.1172
257.0000 259.5000
57.0000 53.5000
96.0000 104.2500
359.0000 355.0000
686.0000 674.5000
938.0002 798.0000
87.0000 87.6250
777.9999 540.0000
415.0001 192.6250
236.0000 173.8750
1059.0002 863.0000
662.9999 563.5000
752.0001 827.0000
217.0000 197.8750
476.0001 465.2500
693.9000 659.0000
528.0000 804.5000
320.9999 313.2500
1040.0000 767.5000
52.0000 56.0000
270.0000 255.3750
614.0000 481.7500
4.4000 3.5977
11.8000 15.9766
925.0002 880.0000
538.0001 515.0000
112.6000 89.3750
112.0000 112.8125
10.4000 11.5703
1020.0000 827.0000
74.0000 57.5625
96.1000 101.0000
917.9999 732.5000
623.0001 696.0000
749.9999 752.5000
164.9000 150.3750
837.6000 588.5000
384.0000 322.0000
69.5000 83.2500
637.0000 729.5000
957.9999 807.5000
129.0000 127.4375
289.0000 288.5000
5.0000 4.3008
206.0000 217.5000
7.6900 8.2891
46.1000 52.5312
236.0000 290.7500
15.6000 35.7188
4.4300 13.6094
720.0002 677.5000
925.9999 758.5000
549.9999 489.5000
230.0000 218.3750
538.0001 572.5000
411.0000 376.5000
155.7000 140.1250
18.0000 13.3516
1081.9999 860.0000
899.0001 811.0000
1.8290 2.4434
43.0000 65.6250
251.8000 215.7500
74.4000 82.5625
378.0000 324.5000
74.2000 90.4375
82.1000 141.1250
720.0002 701.5000
167.0000 160.1250
118.0000 133.6250
271.0000 254.3750
401.0001 302.2500
498.3000 431.7500
549.0001 480.0000
913.9999 863.0000
342.0000 307.0000
1000.0001 887.0000
405.0001 376.5000
42.0000 36.4375
380.0001 278.5000
21.0000 14.2500
450.0000 421.7500
32.8000 38.9375
13.1000 12.4609
23.9000 62.3438
12.4300 17.3281
16.0000 18.0938
27.8000 36.5312
5.3000 8.7891
7.6500 6.9727
133.0000 142.2500
440.0001 546.0000
128.2000 140.6250
9.2500 7.2578
903.0001 654.0000
121.0000 163.8750
14.7000 7.2930
102.0000 121.0625
377.0000 320.7500
330.0000 363.5000
708.0001 729.5000
101.0000 107.1875
1091.0000 856.5000
6.4900 9.6250
776.9999 729.5000
644.9999 624.0000
122.0000 102.6250
26.0000 27.4375
300.9999 249.5000
1077.0002 804.5000
587.0001 607.0000
60.2000 47.6562
909.0000 758.5000
1077.0002 814.0000
422.0001 373.5000
299.0000 295.2500
351.0000 336.0000
449.0000 396.2500
686.9999 628.5000
167.2000 174.5000
0.3930 0.7046
845.9999 840.0000
54.0000 62.8438
38.0000 35.5000
179.0000 175.2500
150.0000 248.5000
13.7200 10.1797
260.0000 259.5000
946.9999 786.0000
193.0000 213.2500
290.0000 327.0000
59.1000 62.8438
27.8000 27.0469
917.9999 721.0000
379.5001 158.2500
458.0000 373.5000
656.9999 631.0000
130.0000 180.8750
122.4000 158.8750
54.7700 50.9062
346.0000 280.7500
352.0000 329.5000
990.9999 807.5000
0.7040 1.6914
317.0001 298.7500
113.0000 139.0000
729.9999 633.5000
136.0000 123.0000
294.0000 240.8750
156.0000 170.5000
56.5000 66.6875
200.0000 189.6250
110.0000 179.3750
1.8400 9.0234
1055.0001 870.0000
378.0000 280.7500
174.5000 189.6250
911.9999 786.0000
74.1000 84.8750
44.6000 32.8438
740.0001 710.0000
0.8430 1.2490
1.5780 1.4893
1124.0001 804.5000
483.0001 296.5000
410.0000 412.0000
1068.9999 741.0000
47.0000 112.3750
102.0000 99.4375
183.0000 150.3750
135.0000 103.8125
459.0000 574.5000
55.0000 52.9688
520.0001 579.0000
967.0001 820.5000
673.5001 616.5000
577.0000 542.0000
843.9999 715.5000
882.0000 870.0000
10.0000 10.6953
179.0000 131.5000
533.9999 529.5000
544.0001 467.0000
129.0000 142.2500
27.9000 27.2188
0.4460 0.8721
40.4000 99.8125
435.0001 329.5000
0.9540 0.9463
14.5000 16.6250
144.0000 123.0000
9.2000 20.9688
704.0001 696.0000
314.0000 300.0000
561.0001 472.5000
774.9999 811.0000
279.0000 285.0000
85.0000 70.1875
304.0000 278.5000
35.0000 28.8594
18.6000 23.2812
200.0000 156.3750
512.0000 445.5000
220.0000 197.8750
570.0000 537.5000
104.0000 98.6250
350.0001 352.2500
720.0002 588.5000
3.6200 3.7891
574.0001 654.0000
291.0001 290.7500
155.0000 189.6250
75.4300 76.6250
654.0001 619.0000
458.0000 487.5000
177.9000 152.1250
802.9998 408.7500
87.3000 76.6250
352.0000 338.7500
584.0001 579.0000
41.4000 44.9688
23.1800 23.4688
12.8000 12.5938
75.0000 73.9375
157.0000 180.8750
368.2000 345.5000
192.0000 176.6250
843.9999 792.0000
78.4000 78.7500
305.0000 323.2500
415.0001 390.0000
1.0500 2.5938
13.2000 11.7656
502.9999 468.7500
0.5830 1.1377
530.0001 542.0000
334.9999 306.0000
220.0000 229.7500
921.0000 789.0000
5.5600 5.1484
649.9999 651.5000
2.0740 2.3379
26.6400 18.7031
1142.0002 937.0000
241.0000 240.8750
220.0000 175.2500
11.0000 50.7812
74.0000 83.8750
913.8001 710.0000
516.0001 495.2500
372.1000 344.0000
430.0001 382.5000
51.5000 46.9062
113.6700 102.1875
182.0000 201.8750
639.0000 521.0000
17.0400 17.3594
800.9999 583.5000
545.9999 481.7500
237.9999 138.3750
145.9000 175.2500
260.0000 300.0000
392.9999 346.7500
190.0000 208.2500
383.0000 497.2500
143.0000 133.1250
91.8000 99.0000
153.0000 139.5000
40.0000 34.7500
357.9999 282.7500
300.0000 381.0000
208.4000 185.8750
10.2000 11.6641
967.9999 643.5000
53.2000 59.1875
547.9999 467.0000
406.0001 378.0000
252.0000 239.0000
495.0000 495.2500
692.9999 680.0000
704.0001 699.0000
322.0000 295.2500
87.5000 77.8125
211.6000 186.6250
394.0000 365.0000
616.9999 385.5000
49.3000 58.0312
552.0001 540.0000
545.0000 489.5000
38.1000 47.3750
79.4000 89.3750
14.8400 19.4844
47.0000 16.6562
296.0000 325.7500
100.0000 61.1250
439.0000 382.5000
96.8000 92.6250
85.9000 98.2500
828.9999 715.5000
105.0000 142.8750
190.0000 205.0000
596.0001 696.0000
0.4010 0.4639
796.0001 741.0000
154.8000 169.8750
443.0001 481.7500
105.4000 110.1875
479.9999 550.5000
880.0002 661.5000
639.9999 633.5000
200.0000 155.1250
139.0000 194.1250
472.9999 509.0000
84.1000 84.8750
380.0001 376.5000
40.4000 35.3750
648.9998 544.0000
483.0001 425.0000
6.5000 6.3477
75.0000 71.8750
256.0000 250.5000
62.9000 57.3438
993.0000 792.0000
698.9999 897.5000
866.0000 764.5000
711.0001 648.5000
869.9999 729.5000
802.9998 804.5000
31.0000 64.8750
122.5000 111.9375
687.9999 820.5000
520.0001 452.5000
0.1029 0.2522
447.0999 346.7500
0.7860 1.4033
130.0000 188.1250
900.0001 565.5000
132.9000 120.6250
37.9000 35.0938
845.9999 732.5000
6.9000 21.6250
17.9700 18.2031
8.1500 11.1328
164.0000 123.5000
56.9000 58.0312
367.0000 340.0000
177.0000 174.5000
55.0000 49.9062
6.5900 5.1602
792.0000 701.5000
890.0001 801.5000
485.0001 476.2500
65.7000 129.0000
406.0001 372.0000
101.7000 103.8125
22.6000 21.1094
85.6000 91.5000
121.4000 117.3125
59.5000 38.8750
508.0000 461.5000
89.3000 96.6875
184.0000 148.0000
612.0001 544.0000
969.9999 779.5000
28.3000 43.7500
19.1000 143.3750
494.0001 501.0000
1077.0002 817.0000
336.0001 423.5000
919.0001 804.5000
937.0001 870.0000
420.0001 529.5000
31.2000 38.4688
277.0000 275.2500
160.0000 149.7500
711.0001 758.5000
772.0000 840.0000
83.1000 113.2500
38.1000 54.0312
155.6000 140.6250
56.0000 68.0000
360.0000 342.7500
539.0001 586.0000
165.0000 174.5000
373.5001 363.5000
47.0000 87.9375
140.0000 162.6250
0.9500 1.0244
41.3000 37.8750
198.0000 201.1250
371.0000 348.2500
178.0000 184.3750
66.5000 71.3125
10.1900 23.0938
441.0001 421.7500
768.0001 674.5000
268.0000 295.2500
530.0001 493.2500
57.0000 60.6250
115.7000 126.9375
135.3000 125.9375
250.0000 234.3750
255.0000 312.0000
712.9999 529.5000
288.5999 264.5000
157.7000 163.2500
203.0000 180.8750
22.0000 30.2969
5.6000 8.7344
830.0002 776.5000
244.0000 239.0000
587.0001 550.5000
36.0000 34.5938
40.1000 38.8750
95.0000 120.6250
272.0000 215.0000
255.0000 215.7500
144.0000 127.4375
35.1000 40.3750
33.5100 32.2500
120.0000 135.7500
88.0000 76.3125
76.8000 66.1875
259.0001 245.6250
1090.0002 849.5000
143.0000 139.5000
1069.9999 880.0000
785.9999 682.5000
8.0700 12.3047
300.0000 315.7500
95.0000 102.6250
697.9999 718.0000
295.0000 211.6250
294.0000 574.5000
245.0000 246.6250
90.5000 89.7500
185.0000 163.2500
0.1280 1.0000
6.2800 5.3320
123.0000 128.5000
339.6001 324.5000
342.0000 261.5000
33.0000 45.1562
103.0000 61.5938
79.0000 100.1875
384.0000 356.5000
154.9000 173.2500
719.0001 688.0000
536.9999 399.2500
137.0000 124.0000
157.0000 165.2500
838.9999 724.0000
865.9000 744.0000
230.0000 242.7500
98.5000 71.3125
13.0000 11.4922
359.0000 452.5000
1000.0001 750.0000
327.0000 298.7500
410.0000 282.7500
195.0000 173.8750
13.3600 12.4844
63.0000 62.0938
806.9999 672.0000
63.0000 76.6250
491.0000 416.7500
395.0000 607.0000
131.9000 149.7500
681.0000 636.0000
1089.0002 776.5000
51.8000 54.9062
88.7000 85.5625
827.0001 853.0000
525.9999 548.5000
72.4000 68.5625
832.0001 782.5000
154.0000 191.8750
909.9999 767.5000
871.9999 904.5000
527.0001 437.0000
408.0001 327.0000
264.9999 251.5000
367.0000 296.5000
237.0000 254.3750
260.0000 175.8750
60.0000 69.9375
913.0000 849.5000
215.0000 155.7500
763.0001 641.0000
619.0000 619.0000
345.5999 293.0000
23.0000 20.4688
233.3000 260.5000
856.0001 876.5000
915.0000 849.5000
59.0000 61.1250
584.9999 537.5000
21.6000 29.3281
427.9999 342.7500
83.9000 76.6250
148.0000 142.8750
722.9999 646.0000
766.0002 801.5000
441.0001 397.7500
1130.0001 986.0000
7.4900 9.9844
0.0336 0.5283
577.0000 372.0000
121.0000 130.5000
240.0000 260.5000
43.9000 69.6250
1.0950 1.6816
44.7000 63.5938
620.0001 595.0000
0.1970 0.6978
983.0000 786.0000
247.8000 165.2500
204.0000 160.7500
581.2001 537.5000
531.9000 390.0000
686.0000 491.2500
974.9998 776.5000
491.0000 561.5000
248.0000 206.6250
16.4000 14.8281
1062.9998 814.0000
101.1000 80.0000
329.0000 329.5000
949.9999 773.5000
302.0000 298.7500
772.0000 529.5000
441.0001 509.0000
561.0001 595.0000
280.0000 274.0000
576.0001 628.5000
760.0001 764.5000
298.1000 293.0000
496.0000 478.0000
45.0000 40.4688
907.9999 792.0000
3.9400 3.9805
191.0000 206.6250
1000.0001 726.5000
31.8000 34.6562
176.0000 202.6250
324.9999 324.5000
145.1000 103.8125
82.0000 87.9375
315.0000 287.2500
205.7000 245.6250
44.0000 46.2500
660.9999 817.0000
389.0001 369.2500
141.0000 167.8750
318.0000 319.5000
12.0000 8.6172
2.6800 3.5781
118.0000 112.8125
122.9000 126.4375
139.5000 149.7500
15.6000 19.8906
417.0000 365.0000
686.0000 840.0000
124.5000 146.8750
917.0001 674.5000
876.9999 755.5000
147.0000 173.8750
336.9999 320.7500
28.1000 45.8750
34.9000 33.0938
159.7000 145.6250
80.0000 135.2500
150.0000 134.6250
226.0000 272.0000
370.0000 348.2500
108.0000 109.3125
620.9999 533.5000
52.0000 53.8125
223.0000 178.7500
7.9000 5.9688
146.9000 166.5000
2.3900 3.7051
444.0001 445.5000
1.0000 3.9219
23.0000 17.3594
541.9999 527.0000
201.0000 176.6250
219.0000 216.6250
303.0000 275.2500
342.9999 282.7500
1062.9998 978.0000
963.0001 860.0000
760.0001 840.0000
943.0001 764.5000
137.0000 147.3750
690.0000 431.7500
205.0000 213.2500
276.0001 277.2500
364.0001 346.7500
13.7100 16.5938
300.0000 218.3750
87.0000 106.7500
72.2000 82.2500
502.0000 517.0000
75.0000 80.0000
159.0000 133.1250
377.0000 420.2500
160.0000 115.9375
938.0002 758.5000
1.3000 1.8770
338.0000 327.0000
62.0000 62.0938
150.0000 178.7500
39.5000 39.8125
430.0001 546.0000
692.9999 619.0000
5.3000 6.3750
77.8000 58.7188
97.0000 84.2500
160.0000 237.1250
268.0000 125.4375
0.0100 7.8945
8.9900 15.5859
207.1000 203.5000
483.0001 521.0000
930.0001 779.5000
740.0001 770.5000
158.2000 248.5000
386.9999 413.5000
772.6999 718.0000
530.0001 435.2500
558.0000 537.5000
607.9999 535.5000
217.0000 165.2500
181.0000 221.7500
18.3800 10.1562
360.0000 328.2500
125.0000 175.2500
728.0001 827.0000
389.0001 410.5000
1015.3001 840.0000
275.0000 269.7500
210.0000 220.8750
3.7500 3.2852
2.0000 5.9805
18.2000 24.1406
840.0002 770.5000
346.0000 393.0000
126.0000 141.7500
517.0000 554.5000
278.0000 261.5000
159.0000 126.9375
311.0001 290.7500
203.9000 183.0000
125.1000 128.5000
1.6900 2.6504
840.0002 738.0000
141.4000 140.6250
75.0000 73.0625
1110.0000 926.0000
246.0000 240.8750
129.1000 124.9375
860.0002 801.5000
302.0000 296.5000
52.2000 116.8750
485.0001 456.2500
163.0000 163.2500
0.0170 1.7021
720.0002 648.5000
249.0000 312.0000
21.0000 18.5781
189.0000 198.7500
663.7000 628.5000
70.0000 63.5938
122.0000 146.2500
144.0000 211.6250
112.0000 99.4375
130.0000 123.5000
580.9999 537.5000
2.3000 3.3359
112.4000 169.1250
619.0000 410.5000
204.0000 247.5000
441.4001 399.2500
224.0000 204.2500
611.0000 509.0000
357.9999 509.0000
722.9999 554.5000
0.5730 1.0723
413.9999 579.0000
360.9999 298.7500
200.0000 152.7500
560.0001 501.0000
0.3870 0.9165
245.0000 258.5000
35.0000 32.2500
83.0000 111.4375
155.0000 119.6875
129.0000 93.0000
