105.0000 99.8125
14.8570 15.7812
19.0000 19.8906
9.8900 10.2266
12.4000 9.9609
63.6000 65.3750
85.0000 49.4062
91.7700 91.8750
11.2700 11.3047
49.4000 48.5312
21.0000 20.7969
17.1100 17.3281
12.7000 13.6094
27.4000 27.6094
5.5300 5.5078
67.9000 63.5938
55.4000 52.3438
16.5900 16.0469
80.0000 76.0000
19.0000 18.8906
29.2000 28.4531
24.6200 24.5938
66.3400 56.2188
27.0000 43.6562
46.1500 43.8125
120.3000 90.0625
56.4100 64.3750
97.7000 95.9375
14.4000 14.0703
22.8000 22.3906
49.8000 52.5312
97.6000 90.8125
41.6000 35.0938
5.1000 4.6211
7.9000 6.4453
19.6000 19.3594
15.0000 15.5547
116.9000 103.8125
24.8000 21.0156
14.2400 13.6641
17.5900 18.6250
26.8000 28.9219
12.9000 12.4609
94.0000 88.6875
112.1000 79.3750
21.1000 22.5312
11.4200 11.4922
19.8000 19.2500
37.2000 49.6875
9.0000 8.3750
62.1000 60.6250
20.1000 26.1406
78.6000 67.5000
95.0000 91.5000
87.0000 82.2500
54.1100 52.7500
21.0000 16.1406
8.5000 8.3203
96.2000 84.2500
6.8800 7.2734
34.8000 32.1875
78.0000 60.3750
18.9800 21.3594
9.6700 10.6719
25.6000 29.2656
7.0500 8.0547
40.7000 36.6562
52.0000 59.1875
35.1200 36.0938
41.9000 37.4062
58.0000 44.2500
36.2000 35.7188
34.4000 32.7812
14.6500 14.7969
19.0000 19.2500
41.4000 43.5625
13.4800 12.6719
23.5000 22.6719
121.4000 101.3750
16.7600 16.7188
18.0000 22.4375
12.6500 12.2500
38.7000 35.1562
27.7800 26.6719
61.3000 55.7812
67.1300 53.8125
19.0800 19.0000
38.4000 42.7812
24.8000 22.2500
32.8000 36.5312
90.0000 89.7500
32.0000 32.3125
47.7000 40.6875
38.5000 32.5000
13.7300 13.6406
82.7000 72.5000
41.0400 40.1250
120.0000 86.5625
24.2000 20.7969
18.9000 18.7031
44.7000 39.5625
25.4000 29.0312
58.4000 56.4375
23.0000 27.2656
10.5000 11.1562
50.7000 47.5625
84.7000 94.0625
10.6820 10.1562
6.1300 6.9570
32.6000 32.5000
16.6500 16.7188
41.0000 33.6250
11.4000 10.7578
36.7000 34.8750
7.4500 7.9297
79.0000 65.1250
34.0000 32.9688
59.3000 57.8125
90.7000 90.8125
15.4900 13.9531
24.8600 25.0469
62.6000 56.6562
8.9000 9.6250
20.6200 20.4219
8.0200 7.9297
25.3000 28.2812
12.5200 10.8047
74.7000 74.5000
20.6000 19.9688
49.7000 61.5938
9.2400 9.7109
99.1000 91.8750
40.7400 45.5938
19.2500 19.1719
12.7000 13.1328
29.5000 30.6562
33.3600 32.6875
18.8900 19.6094
85.5000 82.5625
54.6000 55.5625
70.8000 60.1562
27.8000 28.1719
22.9000 21.5312
23.8500 25.2500
2.3420 2.2461
65.2000 66.4375
63.0000 60.3750
2.5000 2.6641
27.5000 28.0000
101.3000 66.4375
19.0900 18.7031
10.5800 10.9453
20.6000 20.5469
73.7000 71.8750
84.8000 70.1875
15.7200 15.2656
60.5000 58.7188
50.8000 50.0000
56.7000 48.6250
33.3600 45.2500
33.7000 39.5625
87.5000 85.2500
9.0000 9.7500
28.7200 28.2188
25.6400 25.0938
21.7200 21.2344
39.6300 36.0000
29.0000 29.1562
25.6000 25.4062
27.5900 27.2656
29.9000 24.6875
114.7000 92.2500
41.1000 37.1250
9.5000 8.8047
90.1000 76.6250
117.8000 101.3750
6.6000 6.1602
50.3000 46.8125
87.2000 87.6250
9.9100 10.5312
24.5900 25.0938
1.7710 1.9053
34.7000 32.1875
51.0000 42.5312
18.8300 19.7969
32.9000 30.9062
80.7000 75.6875
102.3000 92.6250
63.3000 54.6875
25.5000 25.0000
2.8770 3.5664
31.5700 30.4219
97.4000 86.9375
21.6000 23.2812
96.0000 90.4375
21.0100 22.2031
15.8000 16.4219
112.3000 99.8125
70.5000 62.5938
71.7000 80.6250
24.0000 23.0938
89.1000 88.6875
77.1000 74.5000
62.5000 58.2812
41.8800 40.1250
42.3600 41.3438
108.0000 89.3750
8.3180 7.0508
1.1500 1.0635
19.2000 19.4062
13.6000 13.8984
15.1000 23.4688
36.9000 38.1875
52.3000 49.6875
9.0000 9.5859
75.2000 70.1875
6.4000 7.3242
11.9800 24.4844
14.4000 19.9688
114.0000 70.1875
9.7000 12.4844
73.4000 69.1250
21.9000 21.7188
12.4000 11.7891
37.9000 41.0312
60.7000 54.0312
21.6600 19.4375
42.5000 48.7188
75.3000 72.5000
11.4300 12.5078
104.0000 103.8125
15.1000 14.8906
29.4000 29.0312
21.1800 21.2344
70.1000 68.8125
47.5000 48.7188
9.4000 9.6875
65.5000 71.0625
104.2000 94.4375
93.4000 45.1562
16.1000 16.2188
25.1400 25.8125
58.4100 57.3438
7.7800 7.3555
12.7000 15.9766
34.0400 32.9062
20.3000 21.1406
37.7000 36.9688
19.8000 20.2188
76.5000 74.8125
84.6000 75.6875
24.1000 24.3438
21.7000 21.8438
16.0900 14.7031
30.5000 29.3281
51.3200 49.9062
77.0000 83.5625
8.2000 8.2891
61.8000 46.4375
68.4000 63.0938
106.2000 89.0000
17.5000 15.6172
105.3000 86.9375
15.5000 17.0781
84.6000 54.0312
15.5000 16.2188
6.2200 6.2188
4.9600 4.8164
74.4000 85.2500
35.9000 33.5625
6.4000 6.1055
18.3700 18.0156
14.0000 16.3750
57.8000 33.2188
4.9000 4.8047
60.6700 52.8438
3.9500 4.1641
46.5000 52.5312
51.2000 49.6875
58.0000 37.4062
2.8790 2.1230
56.2500 54.6875
27.1000 39.4062
50.1000 38.1875
92.8000 87.6250
17.9700 18.7344
20.7000 19.0469
49.9000 49.3125
20.3000 20.2500
24.5000 21.4531
43.0000 46.0625
92.5000 88.3125
66.8000 60.3750
31.5400 32.2500
43.6900 40.2812
77.9000 86.2500
12.9500 12.9375
80.1000 84.8750
14.7000 14.5547
34.5000 32.8438
102.1000 90.8125
20.9400 20.4219
51.4000 46.6250
31.3000 28.2812
95.0000 104.2500
17.5000 19.7188
32.5800 32.8438
54.3000 42.2812
66.6100 64.6250
23.9900 24.0469
20.2800 21.4531
15.9000 16.2812
10.0900 8.2656
85.5000 83.5625
37.0600 44.8750
81.8000 93.6875
10.9000 10.2891
10.3000 10.3750
42.9200 39.5625
19.6900 20.0938
7.3000 7.8945
60.7900 69.6250
28.0000 30.1094
4.0230 4.3281
69.3000 74.8125
5.8600 5.7461
56.3000 32.5000
16.3000 15.5234
19.4100 17.4688
21.0000 24.4844
63.0000 56.2188
27.1000 31.4062
53.7000 30.3594
39.8000 35.7188
79.4000 81.6250
60.2000 65.6250
91.0000 79.3750
9.1200 8.1953
21.9000 21.0625
15.6000 14.6719
38.8000 27.8906
91.7000 90.4375
9.8000 11.0625
50.0000 49.9062
3.8500 3.4941
69.0000 66.9375
49.8000 50.1875
68.4000 70.5000
5.3200 5.6484
30.1800 29.8125
74.0000 73.6250
13.4000 14.3984
39.8000 40.6875
40.0000 49.9062
15.0000 16.1094
80.7000 84.2500
62.3100 65.8750
24.0000 22.2969
18.1700 18.3906
41.1300 40.2188
41.1000 40.0625
13.7100 13.1875
66.7000 27.7656
8.2500 9.1797
57.7000 55.3438
54.9000 50.2812
48.2000 47.6562
30.1000 30.3594
35.5000 35.0938
8.0200 8.1250
57.5000 43.3125
52.0000 46.0625
25.2100 33.5625
32.9800 33.3125
25.1100 24.6406
53.0000 59.4375
82.0000 79.3750
27.8700 30.6562
7.6300 7.4531
21.0000 15.5547
67.6000 34.8125
63.7000 53.8125
35.8500 37.1875
51.0000 55.5625
110.0000 72.7500
4.3060 5.1602
36.4000 35.8750
57.1000 56.6562
19.3000 20.4688
23.3400 23.3281
49.6200 47.7500
105.2000 91.1250
34.8100 38.7812
97.6000 85.9375
66.0000 59.4375
83.2000 80.9375
11.3900 11.7188
47.8000 49.3125
9.7000 9.3594
15.3800 15.8828
14.0600 14.7344
59.7700 54.2500
18.1600 18.1719
81.0000 71.8750
21.2000 17.2500
102.9000 89.7500
10.5000 12.4062
104.0000 71.8750
33.8200 34.8750
98.5000 83.5625
69.5000 67.5000
26.2000 29.7500
97.0000 95.1875
19.7300 19.7969
20.4500 20.0156
93.0000 77.5000
32.0000 34.8750
34.7000 34.4688
9.5800 9.0000
68.7700 68.5625
37.8000 41.3438
100.3000 81.9375
30.0000 27.2656
21.3100 22.7656
16.4000 15.4219
13.6900 15.4609
18.3500 21.4062
75.1000 88.6875
38.8000 43.0312
22.2000 21.5000
44.4300 41.3438
104.8000 86.2500
21.0000 19.5156
12.6300 13.2734
26.3000 24.1875
120.9000 82.8750
119.2000 89.3750
15.4000 18.9219
16.4700 17.9375
46.5000 43.9062
56.0600 49.6875
35.4200 36.8125
93.0000 78.4375
88.8000 79.3750
24.7000 26.4062
47.3000 44.8750
33.8000 33.9688
80.8000 80.6250
17.1200 15.3594
106.7000 78.1250
26.7200 27.0000
6.7100 6.7305
50.0900 40.6875
29.6000 27.9375
69.0000 48.2188
39.6000 38.0938
22.1600 22.0781
31.8000 35.9375
65.9000 67.5000
1.3100 1.1758
24.3600 24.7969
61.3000 43.8125
41.6000 49.0000
16.4000 16.6875
9.8100 10.0938
17.7000 19.6875
92.2000 96.3125
18.1000 19.8906
25.2000 26.8281
17.0500 17.9844
21.5000 22.6719
70.8000 70.7500
67.0000 81.6250
11.1500 12.2500
28.4000 28.9688
29.6100 29.2031
64.0000 61.3438
45.4000 53.3750
45.2300 43.4688
4.2000 4.1250
23.1000 26.0781
51.4000 52.1250
23.9400 24.9375
27.2000 25.7656
12.9100 12.6172
70.1000 64.0625
71.0000 58.5000
10.9000 11.5469
24.3000 26.1875
61.6000 60.3750
71.1000 67.5000
15.5000 16.2812
36.7000 39.1875
90.3000 45.5312
13.3200 12.3281
18.6100 19.1250
9.8800 10.3984
100.7000 82.5625
54.0000 57.3438
38.0000 37.4062
65.4000 62.8438
102.2000 84.5625
19.6300 19.8906
34.0000 22.9062
57.3000 65.8750
17.2400 17.1406
6.1000 5.2578
67.1000 77.8125
17.8000 20.4219
30.0000 28.3438
8.2200 8.9453
4.6700 5.2969
108.4000 89.7500
36.8000 34.5312
60.2000 51.0000
26.4300 26.7812
80.2000 78.1250
77.6000 68.3125
52.0000 37.7812
34.6000 31.6719
9.8600 9.7266
37.1000 34.3125
6.5000 6.5195
74.6000 76.3125
67.4000 50.0000
78.3000 58.7188
30.9600 29.2031
12.8000 14.5234
69.5000 79.6875
25.3400 25.0469
4.7100 6.9102
50.9500 47.1875
40.2000 39.0938
39.9000 35.2188
65.7000 59.4375
38.8000 32.8438
95.0000 58.7188
18.1000 18.1719
24.9000 25.7188
13.0600 13.0234
22.0000 21.2812
7.7500 8.8672
49.3000 40.2188
43.4600 41.3438
35.7000 33.9688
94.0000 90.8125
86.8000 59.1875
86.4700 84.5625
30.9000 27.1562
15.7800 18.3594
58.2100 52.7500
11.9300 14.1016
25.8100 26.5000
91.2000 82.5625
88.9000 81.9375
104.0000 43.1250
25.0500 24.5938
60.0000 54.6875
22.1600 21.5781
63.0000 58.9688
111.1000 87.2500
94.0000 85.5625
24.6000 24.6406
14.8800 14.4297
33.8000 26.2969
19.5000 25.5625
120.1000 83.8750
45.9000 42.6250
9.0400 9.7266
19.1000 21.9375
7.2900 7.4883
41.5000 39.0312
71.8000 67.5000
66.3000 55.5625
3.9400 3.8027
83.5000 69.1250
78.0000 70.7500
49.7000 48.0312
22.3000 22.1562
62.9000 58.2812
17.4100 17.8281
71.9000 63.5938
28.8600 27.6094
10.9670 11.7422
44.8000 46.1562
19.5000 19.3594
4.5400 4.8984
102.0000 86.9375
21.0000 20.2969
110.0000 96.3125
26.1000 25.2969
37.7000 48.1250
50.8900 49.6875
23.8000 22.3438
104.8000 86.9375
19.5000 19.6875
30.3900 30.4219
78.0000 72.5000
8.6200 9.2578
4.3120 4.9727
22.9000 22.0781
40.1000 46.4375
58.1000 62.3438
7.7200 8.1562
62.0000 51.7188
92.8000 82.8750
51.7500 55.1250
26.5000 25.9219
4.3590 4.4492
58.0000 74.1875
9.1100 9.3203
104.7000 94.8125
6.2000 6.5508
9.8000 10.1328
60.7000 56.2188
6.0580 6.3320
105.1000 73.9375
15.0000 15.1094
21.0000 20.2188
100.7000 88.3125
35.6000 34.2500
30.3000 30.8438
50.6800 49.0000
5.1000 6.2969
26.3200 25.7188
17.9300 18.8125
15.6000 16.6562
13.1000 15.3594
117.7000 90.0625
11.3900 12.4844
11.0000 11.2031
94.7000 75.3750
72.0000 56.6562
17.5600 17.0000
84.0000 80.3125
70.0000 45.1562
25.1500 26.7812
13.7000 13.0234
46.5000 43.7500
54.7900 59.6562
108.0000 80.6250
18.8000 19.6406
99.2000 93.3125
17.0900 18.4688
44.4000 38.0312
8.3200 9.3984
23.5000 23.1406
54.4200 44.7188
62.0000 71.3125
86.8000 74.8125
81.0000 87.6250
6.6800 7.1484
43.5000 39.3438
24.9300 24.4375
31.4000 33.7188
72.0000 66.6875
5.2850 5.5703
19.7000 18.8438
79.9000 73.9375
13.1400 13.8672
28.2800 28.1719
8.9000 9.3828
40.3000 42.5312
12.1000 11.2812
41.8000 38.2500
14.6000 15.3594
26.6900 24.6406
2.0930 2.0039
49.6000 48.5312
79.4000 74.8125
20.6000 20.0469
97.9000 84.8750
14.7900 14.7344
14.7500 14.7969
14.1200 14.9219
20.8000 22.3438
49.4000 46.8125
19.9700 21.2344
10.9600 12.1719
48.0500 47.8438
38.0000 34.2500
19.5700 20.9375
12.1200 11.9922
79.2000 75.3750
42.7000 46.2500
25.3300 24.1406
44.0000 41.6875
31.4500 30.5938
8.5300 9.1406
72.1000 66.9375
25.4600 25.6562
34.1000 34.9375
18.6200 17.5781
41.5000 41.9375
82.1900 76.0000
15.1000 18.4688
51.9000 54.4688
118.0000 97.5000
81.9000 80.3125
82.0000 81.3125
16.7400 16.5469
20.4000 21.0625
21.3000 19.7188
59.9000 30.4688
5.6100 4.3867
94.2000 96.3125
5.9000 5.3828
22.6000 22.3438
46.8600 45.9688
16.4500 14.9531
17.7700 17.7188
69.7000 68.5625
112.2000 96.6875
30.3000 29.3281
17.7000 17.9062
4.3190 4.9531
4.8900 5.0430
7.9200 9.0781
78.2000 72.5000
24.6000 29.8125
51.0000 76.3125
97.0000 90.0625
38.8100 37.0312
37.6000 33.9688
35.9000 39.0938
17.5700 18.4688
28.2400 27.6562
7.7900 8.1250
8.9000 10.1172
18.3600 18.5000
9.8300 10.2266
4.7000 4.6992
62.8000 58.0312
19.0500 19.9688
12.4000 13.0469
4.6130 5.0078
51.9000 51.3125
15.3500 16.0156
41.3000 40.2188
49.6000 47.7500
50.4000 49.9062
3.7310 4.3125
7.2000 7.5547
28.9000 32.0625
13.4200 14.3438
3.8000 3.3262
14.4000 13.8672
35.2600 33.9688
11.3200 11.6406
8.6950 8.5625
34.3000 33.0312
42.9000 37.8750
27.6000 28.7500
96.8000 86.5625
25.5500 24.8438
86.7000 106.3125
98.9000 88.3125
63.6000 57.8125
118.0000 89.0000
22.2700 18.8906
59.6000 74.1875
20.6900 21.4531
18.4100 16.0781
9.5000 9.8984
117.7000 90.0625
29.2100 29.3906
15.2100 18.3125
66.3000 63.3438
40.4000 44.0938
55.0000 48.0312
29.4000 31.0312
9.6500 9.7969
25.1600 41.0938
101.1000 71.0625
11.8800 13.4922
38.6000 38.2500
28.9000 29.2656
15.5000 16.3125
43.6000 42.5312
25.2000 25.1406
43.8000 38.7812
85.1000 56.6562
12.9000 12.6719
112.0000 75.3750
6.5600 6.1406
59.3000 54.9062
28.8000 28.1719
44.4000 40.6250
12.9000 15.0156
11.5800 11.7891
54.1000 52.7500
45.8000 47.4688
49.9000 45.5938
46.3700 68.8125
8.4000 8.5625
34.8700 34.3125
39.0000 41.6875
7.6000 8.1562
32.2000 32.7812
50.8600 53.8125
77.7000 70.1875
98.3000 89.7500
12.2000 12.4297
19.1100 19.4062
34.3000 34.0312
12.2000 12.6719
46.9000 47.9375
113.0000 85.2500
23.4600 24.9375
26.3000 24.3906
72.1000 42.1875
26.7100 26.9375
65.2000 59.6562
52.4000 50.6875
19.2000 19.4375
9.3000 9.6250
111.4000 95.1875
68.1000 67.1875
2.8010 2.8418
62.7400 55.1250
34.3000 31.9844
33.9600 31.9844
51.5000 48.4062
73.0000 69.9375
10.2000 10.3984
30.4000 28.4531
105.3000 81.6250
74.6000 75.6875
94.0000 89.3750
98.1000 88.6875
28.9000 28.4531
6.5600 6.6367
7.8000 8.6172
46.2800 44.8125
24.5000 23.4219
54.2000 52.3438
41.6400 40.1250
69.7000 78.7500
63.8000 63.5938
49.0000 53.3750
17.2100 17.5469
51.0000 56.0000
4.3000 6.7305
9.2100 10.1172
10.3500 10.8984
60.7000 61.3438
32.7000 34.1875
9.5200 9.8125
16.6000 17.6562
23.7000 24.7344
1.7690 2.0859
36.4100 37.8750
121.0000 94.8125
47.2000 41.0938
60.4000 63.5938
36.3600 34.8125
116.0000 93.0000
80.3000 68.5625
23.5000 24.0938
10.9300 11.5469
28.5000 29.5000
39.9000 36.7500
23.0000 22.3438
12.5000 12.3516
52.9100 53.0625
19.8700 18.7031
89.9000 77.1875
19.0900 18.6250
92.9000 84.2500
17.0000 17.1094
20.8000 23.6562
38.7000 7.8594
28.3000 28.0469
78.2000 76.3125
25.5000 25.4062
72.0000 86.9375
26.0000 33.8438
79.0000 41.0938
49.5000 50.9062
8.0000 7.9844
78.3000 74.8125
10.1200 10.8281
28.0000 31.7969
25.5700 25.9688
14.0800 12.8281
92.0000 79.3750
57.0000 54.4688
38.8000 35.7188
107.0000 103.0000
11.5000 9.9609
22.7000 25.0469
5.4300 5.5078
42.3000 52.4375
7.1380 7.1172
55.1000 54.2500
35.5000 29.5000
45.8000 55.7812
16.6000 14.0703
38.1800 35.3125
43.7000 42.6875
58.0000 52.5312
7.4300 7.7578
41.3000 45.7812
29.0000 25.9688
118.0000 83.5625
12.5900 12.1719
44.2000 44.7188
4.1800 4.6562
116.9000 95.5625
5.0300 5.3555
26.0000 29.3906
90.0000 88.3125
13.0000 13.8672
62.0000 62.5938
11.1200 11.8438
8.0400 8.6172
8.5200 8.3594
59.0000 54.9062
25.7000 22.9531
22.9700 19.5156
106.6000 83.5625
72.6000 66.1875
11.8000 12.4062
14.6000 14.7344
24.0400 24.8438
104.1000 82.8750
42.1600 39.5625
24.2000 30.6562
10.5100 11.1797
53.6000 50.6875
29.0000 20.4219
36.7000 34.6562
64.6000 60.8750
28.5000 27.8281
98.0000 106.3125
40.4000 41.8438
7.4840 7.5703
71.0000 73.0625
28.1200 29.0938
61.2000 51.8125
21.4500 21.2344
93.9000 75.6875
65.6000 84.5625
7.9100 9.0234
12.9000 13.6094
27.8000 29.9219
74.0000 85.2500
112.7000 97.8750
6.8900 6.7305
30.9300 38.7812
25.1100 23.4219
42.8000 49.3125
8.8000 9.4375
15.3800 15.2344
104.0000 79.3750
30.0000 29.7500
114.3000 97.5000
83.2000 63.3438
67.9000 57.5625
53.3300 43.1250
17.9000 18.0156
11.1800 11.9141
10.2500 10.2031
55.6000 45.0625
1.5400 1.5391
31.7000 29.2656
14.5000 14.7031
4.7000 5.2109
89.7000 79.3750
5.7400 6.0078
16.5600 16.8594
56.8000 51.5000
28.2000 27.8281
95.5000 91.8750
28.1000 29.0938
65.9000 65.8750
91.3000 80.3125
22.7400 24.8438
35.9600 35.4375
15.8000 16.3750
42.2000 31.4688
96.0000 71.8750
36.5700 32.0625
62.3500 50.5938
31.0000 27.2188
99.9000 87.9375
32.0300 31.6719
7.5000 8.7734
16.6000 17.1875
94.6000 70.5000
17.5100 17.9844
70.8000 62.0938
32.7000 29.8594
41.8500 39.6562
5.1000 4.6484
74.5000 65.6250
32.6300 30.8438
11.5100 12.2500
20.6000 21.0625
55.2000 39.5000
27.6000 25.8750
17.7200 17.6094
42.2000 40.3750
52.0000 71.6250
74.2000 74.1875
80.0000 80.0000
13.9600 14.2500
6.5900 7.1641
11.3500 11.7422
19.8000 27.2656
37.2100 36.0938
21.7000 21.4062
12.6400 21.3125
41.7000 39.3438
47.4000 45.7812
83.4000 75.1250
116.0000 91.8750
4.9500 5.4023
76.7000 71.0625
90.1000 83.2500
111.0000 93.0000
13.2500 12.8828
20.5000 20.3750
16.4200 16.8281
20.4000 20.2969
68.0000 67.1875
38.8000 39.2500
65.0000 62.8438
32.1000 28.7969
80.0000 60.3750
31.4000 33.2188
43.7000 45.5938
34.9000 32.9062
61.0000 57.1250
75.0000 99.0000
26.4000 28.4531
115.6000 90.4375
54.9500 53.8125
12.5000 17.3594
79.0000 73.3125
21.0000 19.7656
65.5000 74.1875
53.4000 48.5312
37.8000 36.7500
24.8000 24.2344
17.7200 17.8750
32.7300 31.5312
22.5000 22.7188
26.6000 25.4531
15.1600 16.6250
19.8100 29.5625
49.1000 48.0312
23.4300 23.0000
5.3000 4.7617
11.2500 11.7188
16.1900 16.6250
64.8000 64.8750
60.0000 57.1250
12.0700 11.6953
42.3000 43.4688
27.6000 28.6875
13.7000 14.5547
24.0000 24.0469
14.9000 15.4219
3.0400 2.7656
107.0000 94.0625
26.9600 25.3438
14.9000 17.7656
15.8000 15.8125
32.9100 31.3438
58.7000 56.4375
42.7200 43.3750
62.6000 70.5000
25.9400 25.5625
25.0000 24.6406
45.8000 52.7500
32.0000 34.1875
39.0000 38.7812
15.1700 15.2969
38.4000 37.1875
9.2800 8.6406
49.5000 44.1875
37.2000 31.7344
23.3000 22.6250
79.0000 77.8125
76.3000 68.5625
88.7000 82.5625
26.7000 25.6562
84.4900 71.8750
7.6400 5.1328
101.0000 93.3125
21.0700 21.2344
56.0000 85.5625
116.0000 100.1875
17.1000 16.3438
56.1000 53.8125
108.7000 104.2500
17.2000 16.2188
7.4000 7.3711
10.5900 10.7578
14.4200 14.5234
57.0900 56.2188
99.9000 95.1875
6.7900 7.2109
9.3000 9.8125
36.9100 36.9688
56.5500 52.8438
14.2200 13.1328
17.3000 16.2812
110.8000 89.0000
60.2000 57.1250
10.1000 10.0703
43.2000 36.4375
17.8000 23.1875
43.2000 41.5312
98.5000 80.6250
25.4000 23.4688
6.6000 7.2930
5.9500 6.4922
12.7000 13.7266
116.0000 91.8750
93.0000 62.8438
82.0000 77.8125
9.6600 9.5469
7.3000 7.0195
58.0000 52.6562
56.4000 52.6562
16.5800 17.4375
8.0700 9.0000
3.9500 4.0430
10.3400 9.3203
26.7400 25.3438
33.9000 32.6875
19.2000 18.2812
38.7000 39.5625
30.9300 30.6562
16.4000 17.8750
25.0000 24.7344
59.5000 54.9062
5.2110 3.7246
56.9000 50.1875
7.8840 8.1406
54.1000 47.4688
48.3000 43.4688
15.0600 16.1406
10.5200 12.3281
30.5000 30.6562
60.6000 48.9062
105.0000 87.2500
12.8700 13.4922
86.7000 78.4375
60.0000 75.3750
68.9000 63.3438
22.6000 23.9062
103.6000 93.3125
4.3770 3.9805
54.0000 58.7188
33.9000 43.5625
10.1500 9.8750
18.1000 14.2500
16.7000 16.6562
46.2000 51.5000
35.0000 31.5312
4.1740 4.2148
69.0000 97.5000
12.4200 12.2734
71.8000 82.2500
12.3410 12.6172
13.1500 13.6094
79.0000 81.9375
57.0000 52.2188
29.5900 28.2812
13.5100 13.5547
16.3600 16.5938
66.4000 59.1875
14.3300 14.2812
20.1500 19.9219
68.3000 62.5938
101.0000 103.8125
26.8900 25.9219
25.2000 23.9062
25.3000 28.1719
4.3580 5.6680
17.8000 20.6719
12.3400 11.5234
14.4400 14.6719
47.4000 44.0000
10.0500 9.9609
7.8000 9.8594
6.5800 6.4922
24.1700 24.3438
10.6500 10.7188
29.4000 22.2031
30.7000 32.2500
23.5000 22.8594
55.4000 60.1562
94.2000 57.5625
12.2000 12.3516
19.9100 19.2812
24.8000 25.2500
32.9000 31.4688
42.7000 40.5312
41.8700 36.3750
82.5000 85.5625
19.0000 20.0156
20.3000 16.8594
62.8000 45.0625
6.2900 6.5039
37.7300 36.6562
12.4000 13.3516
23.4200 23.0938
81.2000 73.0625
11.8200 11.7891
18.0900 18.1250
116.0000 97.5000
9.7300 10.6953
61.0000 55.1250
18.0000 19.0469
59.8000 54.9062
18.9200 16.8594
39.1000 36.9688
58.3000 53.8125
98.5000 81.3125
55.5000 50.3750
11.0000 12.6172
14.3600 14.8594
40.3000 34.9375
29.6400 26.6094
53.5000 67.1875
13.8900 13.5547
12.1000 12.6172
13.8400 14.3984
4.9000 4.2695
23.4000 22.1562
48.3000 47.6562
50.6000 48.9062
18.4100 18.5469
18.4000 19.2812
17.7400 18.3125
32.2000 27.4844
60.3000 61.8438
54.1000 50.9062
13.1560 14.0703
21.9000 21.8906
77.0000 70.5000
90.0000 70.1875
10.2000 9.2422
26.9000 25.4531
8.4400 8.4688
58.2000 66.4375
48.5000 42.0312
59.6000 54.4688
36.1500 34.3125
11.4000 11.0625
28.2000 25.5000
47.8000 53.0625
25.1000 26.9375
13.4700 13.0234
19.9100 17.7969
21.9700 22.5312
57.0000 51.3125
8.1200 8.1953
91.7000 79.6875
33.4000 32.9688
70.0000 67.7500
82.2000 91.1250
48.7000 48.2188
38.7500 38.0312
41.6700 37.8750
26.3000 24.0469
51.8000 52.7500
47.0000 40.6875
22.0100 21.6250
2.9330 2.5664
23.9000 30.7188
89.0000 82.2500
72.0000 40.2812
89.6000 74.8125
34.7300 34.0312
51.9000 48.8125
42.3000 43.2188
28.9000 29.8125
7.3400 7.2422
0.1200 0.4131
15.9700 16.2500
23.4000 26.4531
59.6000 51.4062
28.7000 24.0938
56.1000 53.0625
115.7000 101.8125
10.9300 10.9453
15.9200 16.0781
18.0000 19.6875
14.1700 13.8672
30.4000 29.1562
17.9000 15.4219
6.9000 6.1562
20.5000 20.7188
53.0000 51.5000
13.6000 12.9375
4.8600 4.7031
107.9000 97.8750
83.2000 81.9375
36.7000 37.0312
18.0000 17.7969
13.9400 15.5859
30.0600 29.6250
33.2500 31.9844
6.7000 7.7422
49.2000 44.0938
18.4400 18.1719
23.2000 25.2500
8.8100 9.8750
7.9600 8.0703
28.4000 35.9375
98.8000 91.1250
57.9000 66.9375
15.5100 15.8828
26.5000 25.6094
53.6000 53.2812
54.0000 12.4062
14.6500 15.6875
5.9000 6.0234
38.1000 37.9375
22.4000 24.1875
23.3000 24.0000
17.7700 18.7031
43.8000 50.0938
15.2700 16.8594
18.4000 17.7188
4.2650 4.3320
45.5000 46.4375
102.6000 84.5625
40.0000 40.2188
25.0000 25.9219
21.3500 21.0625
37.5000 39.0312
21.8500 25.2031
40.6000 42.3750
18.1000 18.2344
7.4000 7.2734
13.3000 12.8594
42.2200 41.5312
111.0000 70.7500
13.2900 14.0156
105.3000 81.9375
27.1000 27.2656
66.0000 60.8750
17.0000 17.5781
19.9000 20.0469
33.4000 30.3594
54.1300 51.0938
120.8000 104.2500
10.9900 11.4219
5.9350 8.1250
61.3000 60.3750
21.9000 21.1406
91.7000 91.5000
91.8000 72.5000
23.9000 30.1094
51.0000 47.9375
113.9000 97.5000
10.6000 13.9844
65.0000 62.0938
47.7000 42.1875
11.3800 12.0156
6.9600 7.5703
14.4300 14.4922
5.3800 5.6445
110.8100 102.1875
13.8400 14.0156
57.5000 59.6562
13.1000 13.0781
27.2600 29.1562
33.4000 22.8594
17.1000 19.3281
43.5000 25.2031
23.8100 23.5156
13.0000 12.3047
64.5000 61.1250
3.6600 3.5742
20.2200 19.2812
25.1000 18.9688
13.0360 14.0703
15.8300 16.7188
31.6900 31.4062
13.2800 13.0781
38.7000 47.0000
101.8000 68.8125
121.0000 37.7188
21.0000 20.6406
21.2300 20.5469
61.9000 68.5625
120.8000 100.6250
15.4700 15.8516
47.2000 46.7188
81.5000 56.0000
6.2000 5.6836
21.1600 21.5781
63.1800 63.8438
15.0000 16.1875
31.0000 30.1094
119.0000 101.8125
70.2000 71.8750
35.0000 36.0000
26.1100 25.5000
15.3200 14.1016
32.5500 30.7812
6.4700 6.5195
34.2000 29.1562
22.4900 21.8438
12.7400 13.2969
54.3000 50.6875
28.8000 29.8594
108.9000 68.0000
8.8700 9.0234
17.9000 18.1250
84.0000 84.2500
63.9000 63.5938
82.0000 76.8750
43.0000 35.8750
45.5000 50.0938
21.9200 22.5312
22.1600 23.3281
6.0000 5.8086
110.0000 102.6250
39.7000 37.2500
37.2000 36.9688
18.4800 18.4219
78.0000 81.6250
25.5000 24.6406
33.5000 32.1250
30.0100 27.7656
39.7600 37.2500
15.0000 15.9766
12.5000 11.7422
23.8600 22.1250
8.8000 7.2266
43.7000 42.0938
19.9400 19.7969
113.0000 104.6250
15.2700 15.4922
47.4000 50.6875
55.3000 52.7500
15.3400 15.2656
45.4000 46.9062
14.5000 12.3281
40.1000 35.3750
8.7800 8.5781
21.0000 21.7188
12.0900 12.0938
22.0800 21.1094
10.3700 9.6641
64.8000 49.3125
27.8000 25.9688
9.0600 9.2422
106.2000 86.5625
97.9000 94.4375
15.3000 15.2656
46.0000 41.2812
30.4300 30.3594
10.4300 10.4219
91.0000 97.1250
10.6500 11.4453
11.3900 11.9922
43.9000 42.9688
90.0000 84.5625
32.5900 30.5312
56.7000 61.5938
6.4100 6.6680
119.7000 98.2500
16.5400 17.9062
11.0000 11.8672
36.2000 32.2500
29.3500 30.7188
57.8000 56.9062
36.5800 30.9062
10.7300 10.8516
81.0000 78.1250
28.8000 28.2188
51.8000 51.9062
15.4600 15.8516
38.6900 43.7500
24.0500 26.6094
6.5800 6.5625
93.5000 90.0625
73.3000 76.6250
87.5000 77.1875
105.0000 105.5000
31.1000 30.4688
18.8000 19.4844
44.3000 42.9688
24.7000 24.5938
19.2500 18.5469
87.0000 98.6250
38.3700 37.7188
46.7200 41.4375
16.6000 16.5938
27.0000 24.6875
32.3500 29.1562
96.2000 89.0000
32.2400 28.7500
17.0500 16.5469
37.4400 36.4375
84.3000 84.2500
51.0000 44.5312
56.3000 61.8438
51.0000 48.6250
41.3000 39.2500
34.4000 32.6875
65.1100 58.7188
17.0000 17.0000
44.0000 47.4688
47.5000 59.1875
37.5000 38.3125
36.2000 36.2188
84.4000 80.6250
13.1000 12.4297
83.5000 83.2500
16.1400 16.6250
36.3000 34.5938
9.2000 9.6016
90.1000 87.9375
62.3000 60.6250
37.9400 39.2500
48.3000 46.6250
60.5000 56.6562
20.6200 20.5469
55.1300 55.5625
86.9000 81.6250
16.4400 14.6406
30.7300 28.3906
26.3700 26.6094
23.0000 16.7969
7.8800 7.8438
21.3800 22.0312
68.6000 59.6562
4.5000 4.0234
67.0000 72.7500
25.8600 24.2344
5.1800 5.4023
64.4000 61.3438
20.0000 19.9688
21.3000 17.9062
15.0000 15.3594
11.4000 11.7188
25.0500 23.7031
19.3100 24.1406
10.3000 11.9688
25.1500 24.4375
71.0000 66.1875
19.2000 19.4375
82.5000 81.6250
48.1000 49.0000
33.5200 31.7969
21.6200 22.4375
33.0600 27.1094
15.8800 14.7344
84.2000 82.5625
111.2000 99.4375
33.6000 34.1250
63.6000 62.8438
111.8000 82.8750
12.7000 12.1953
47.9700 41.4375
57.2000 62.5938
114.4000 109.7500
15.5000 15.2969
11.0000 11.4922
16.9900 17.4375
57.1000 60.6250
77.9000 77.8125
57.0000 57.8125
114.0000 90.4375
24.0000 26.0312
11.5000 12.0469
69.0000 64.0625
67.0000 65.6250
41.3000 35.8750
34.2400 30.9062
47.5900 46.9062
43.6000 39.0312
21.1900 22.1250
35.0000 30.9062
23.2000 22.4844
32.6000 29.6875
24.4700 28.6875
32.1000 31.3438
6.7100 7.0195
23.8000 23.2344
18.8800 18.8125
34.2000 31.0938
12.6000 13.2734
63.0000 80.6250
34.8000 34.6562
49.0000 48.3125
66.4000 36.2188
11.5400 12.2266
41.4000 39.2500
64.0000 65.6250
54.9700 50.7812
56.9000 55.5625
6.4400 6.2656
77.9000 82.5625
28.8000 29.2031
9.8000 9.3359
66.7200 64.3750
7.8700 8.1094
103.0000 97.1250
28.6000 27.0469
64.2000 65.1250
24.8000 25.9219
22.3000 21.5781
28.5600 28.1094
3.8920 4.2852
99.4000 89.3750
17.4000 15.9453
10.5000 11.6953
7.3500 8.0859
29.0000 36.0938
5.1000 4.5273
37.2000 38.2500
12.9000 12.6719
103.4000 88.6875
16.1800 16.1406
34.9000 30.2969
8.6300 8.2109
99.1000 93.3125
6.8200 7.7422
16.5000 15.3594
91.1000 80.3125
18.4100 18.3906
18.8200 18.6250
14.5000 14.3984
40.0000 43.6562
53.5000 62.3438
27.3100 27.7656
28.7900 28.0000
49.4000 45.7812
29.3900 31.0938
48.1000 49.1875
14.2200 14.1016
6.3000 6.4336
7.3800 6.2266
33.0200 28.9219
13.4200 13.9297
31.9000 32.5625
19.0000 24.0469
28.8000 26.3438
15.1000 16.2500
81.4000 70.7500
16.7900 16.7188
18.2600 16.5156
114.0000 99.8125
18.7100 19.3281
5.5800 5.6094
11.4000 10.7578
78.1000 44.0000
56.1000 51.5000
84.0000 75.3750
62.6000 57.1250
16.0000 13.1875
80.4000 81.9375
110.8000 109.3125
29.4300 25.0938
42.6700 40.6875
3.8190 4.0820
89.5000 89.0000
78.3000 81.6250
14.5000 14.8281
98.9000 92.2500
12.8700 13.0234
12.5000 12.7266
56.4800 52.9688
4.2000 4.8516
27.9000 36.0000
43.6700 44.4375
6.7700 7.1328
120.2000 101.0000
34.9500 31.9844
18.0000 12.4297
93.1000 76.8750
28.9000 27.7656
20.0700 18.8125
45.3400 45.4375
28.3000 30.4219
93.5000 85.9375
43.2000 25.3438
27.6200 27.7188
61.5000 79.0625
75.8000 75.6875
68.3000 68.3125
59.3000 57.5625
74.0000 64.0625
3.6000 3.9453
14.7000 14.1641
66.6000 76.3125
53.5000 54.2500
58.2000 51.3125
16.7000 16.8281
31.0000 31.6719
13.3900 13.7500
11.1000 11.3984
72.2000 60.6250
40.1100 38.4062
96.8000 92.2500
27.7000 26.1875
24.7000 27.4375
12.0400 11.9922
56.2000 52.7500
37.8000 35.8125
35.5000 35.8125
27.8000 25.8125
75.4000 74.5000
26.8900 26.5000
19.8900 21.1406
8.5300 8.3438
18.0300 19.2031
62.9000 58.5000
81.6000 80.9375
19.8000 17.1875
90.2000 90.8125
85.5000 74.5000
110.5000 87.6250
17.5300 20.7656
18.7600 17.6094
37.3200 43.3125
66.5000 68.3125
34.6000 25.2969
71.7000 71.8750
89.8000 84.8750
58.1000 64.3750
34.4000 34.0312
58.9000 54.6875
102.0000 111.4375
28.4000 30.5938
4.9000 4.9883
99.2000 101.0000
29.0000 30.4219
18.4000 17.9375
31.0000 32.0625
85.9000 88.6875
38.9200 39.9062
28.2000 26.6719
95.2000 92.6250
85.0000 64.8750
19.5400 18.6562
27.0000 26.6094
15.3000 14.1016
67.4000 68.0000
15.2700 14.9219
20.0300 18.6562
16.5000 16.0469
29.6500 29.6875
43.9700 44.3438
16.5100 17.4688
78.2000 61.1250
23.2000 32.2500
88.7000 81.9375
75.4000 75.3750
21.7000 22.4375
22.1000 24.6406
46.2100 43.4688
39.9800 37.3438
17.8000 17.1875
14.5800 14.8906
26.8000 25.6094
20.9500 21.5000
22.7000 23.0000
66.8000 64.3750
46.1100 44.8750
98.0000 74.8125
90.8000 89.3750
12.1000 14.0703
18.1500 19.0469
59.9000 56.4375
15.6000 14.9219
6.0100 5.7227
55.0000 57.5625
107.4000 89.0000
20.8000 18.2812
16.0000 17.7656
22.4000 22.2500
15.3900 15.2969
4.7500 4.8398
10.2500 11.2812
28.8400 29.0312
39.7000 40.0625
17.5000 32.2500
24.5000 24.8906
111.0000 99.8125
99.2000 91.5000
43.8000 42.8750
32.4000 31.4688
59.3000 51.0938
27.0000 24.1406
8.4000 6.3750
49.6000 42.3750
81.2000 77.1875
26.3000 26.3438
15.0000 17.5469
81.2000 65.1250
108.0000 95.9375
10.0000 9.4219
116.0000 89.7500
74.3000 65.8750
62.6000 58.0312
10.7000 10.9922
52.5000 44.6250
71.5000 70.7500
57.6100 55.3438
44.9000 45.8750
13.3000 12.2500
62.5000 56.9062
81.0000 81.3125
9.1200 9.8359
5.2300 5.5391
11.3400 12.9688
13.9800 14.1875
10.6900 11.6953
40.4000 38.3125
36.7000 40.9375
76.6000 51.4062
48.1000 44.6250
31.8000 28.5625
32.0000 26.4531
7.9000 8.4141
22.4000 23.1406
16.3000 17.7969
101.0000 89.3750
18.0400 19.2031
49.8000 47.6562
100.0000 70.5000
22.7000 23.0000
91.7000 85.5625
40.8000 39.0312
37.4000 35.6562
104.0000 95.9375
22.7000 22.9062
5.0000 3.9316
18.9000 24.7969
110.0000 106.3125
65.4000 61.5938
33.9000 34.5938
58.6000 57.5625
115.8000 99.8125
19.6000 19.9688
8.1900 7.1797
11.6000 11.6406
65.4000 66.6875
40.6000 37.2500
53.1000 53.8125
11.8900 11.9922
75.7000 74.1875
17.6000 19.6875
9.4100 9.6641
30.5000 29.9844
9.4100 10.7578
18.1600 19.2812
1.9600 1.7939
105.4000 83.8750
52.3000 55.7812
31.4600 30.4219
98.5000 89.0000
11.6800 12.2266
45.0000 44.0000
90.8000 86.2500
21.8000 21.6719
41.7000 38.8750
14.8000 18.3125
21.2300 20.2500
16.9800 16.9375
99.3000 90.8125
98.0000 90.8125
46.6000 43.4688
44.8100 44.6250
71.0000 66.6875
51.5000 50.3750
47.2000 44.3438
40.7400 37.1250
74.4000 76.3125
52.0000 43.4688
29.0000 28.6875
17.5000 16.3438
76.6000 76.0000
4.5390 4.9883
8.4400 8.3203
16.1000 16.3438
33.8300 31.4688
1.4720 1.4512
12.4000 12.3828
18.1000 18.8125
65.7000 61.1250
22.1300 21.2344
61.0000 55.3438
11.4000 10.7188
62.7000 58.7188
36.8000 21.4062
36.5100 34.4688
47.7000 44.8125
22.0000 20.0156
57.0000 47.8438
64.2000 66.9375
27.0000 26.9375
120.5000 99.8125
14.1900 15.0469
45.8600 42.0938
110.0000 91.5000
76.0000 62.8438
54.9100 51.0938
85.0000 76.3125
8.5500 8.9844
104.0000 91.1250
22.0000 17.3281
8.6700 8.9219
37.7000 23.6094
14.2800 14.2500
13.0000 7.1953
34.4000 29.9844
83.2000 76.8750
99.0000 97.8750
102.0000 87.9375
60.0000 60.1562
25.5400 24.7344
5.8000 6.9727
12.8400 12.4609
47.3000 44.4375
10.6000 9.1953
31.0900 32.9688
12.4500 12.2500
39.3000 40.3750
30.5200 28.3438
18.0000 19.9219
30.5000 33.8438
35.9200 36.7500
9.7800 9.7969
19.4800 17.6562
22.0000 21.7188
8.7400 23.7031
85.2000 82.8750
8.6900 9.1562
23.4000 24.3906
30.0000 30.1094
16.1100 17.1094
28.7300 26.7812
35.5000 35.3750
23.4000 24.3906
28.5000 28.4531
10.3900 10.7422
58.2000 60.1562
74.1000 84.8750
39.9000 39.0312
74.2000 75.1250
101.0000 99.0000
29.7000 25.5000
16.7000 15.0469
25.3300 23.2344
72.6000 76.0000
89.3000 78.4375
2.5310 2.6641
6.4600 4.7773
35.6000 34.1250
41.2000 40.6875
71.6000 61.3438
7.3200 7.8438
38.6000 39.0312
11.6000 11.9141
12.8700 13.1562
18.4000 17.9375
96.5000 83.2500
16.0000 16.4844
17.9400 17.8281
94.7000 81.9375
18.6000 16.2500
29.3600 39.0938
38.6000 37.4062
21.2100 25.5000
36.2400 34.8125
32.8000 32.6875
5.2800 5.8789
54.9000 54.2500
69.6000 74.1875
107.0000 65.6250
13.9400 13.8984
21.3300 18.3906
61.0000 70.7500
8.9300 9.5469
79.8000 77.8125
7.8300 8.4141
27.0000 28.8594
97.8000 90.0625
33.9000 33.0938
4.6500 4.9258
46.0000 42.4375
18.6600 18.3125
24.7600 26.8281
14.6800 16.7188
7.8400 7.8086
26.2000 25.8750
9.6900 9.7109
16.7500 16.6875
25.6400 25.9219
30.6000 34.8125
39.7600 40.5312
4.9000 5.9531
87.0000 74.8125
17.1700 17.7656
9.4800 10.3750
20.0000 18.5469
38.5000 45.7812
10.0000 11.1797
4.0940 4.3320
58.1000 53.5000
59.0000 56.2188
64.0000 49.1875
8.2000 9.4375
25.6900 26.2969
26.4000 25.7656
15.3800 16.1094
67.9000 74.1875
6.5400 6.6523
31.2000 32.6250
19.3200 17.5469
111.1000 100.6250
7.5000 6.8359
55.4000 47.5625
52.0300 53.0625
5.2000 5.3086
19.0000 21.1875
28.5500 29.3281
17.9000 18.2344
4.7900 5.2969
76.3000 87.9375
17.9800 18.2031
42.1900 41.5938
58.0000 52.9688
118.0000 103.8125
59.9000 64.0625
53.8000 53.5938
33.9000 33.7188
101.0000 97.8750
119.4000 103.4375
34.5000 32.3125
10.2000 10.3125
12.5000 22.7188
34.2000 32.9062
8.6600 9.4844
27.9000 31.3438
21.4000 20.9688
14.0100 14.7344
38.4200 37.7812
7.1500 6.9570
73.2000 68.3125
14.8000 14.9531
73.4000 58.2812
20.3000 20.8906
15.9000 17.9375
23.1000 22.8125
27.2000 25.4062
16.7200 17.4375
12.0500 24.5469
14.5400 14.7031
7.2600 7.1484
19.2000 20.4219
10.7000 11.5938
9.8410 9.9844
65.0000 74.1875
73.3000 87.2500
60.2000 55.7812
12.7000 14.1328
71.0000 68.0000
62.7000 61.3438
29.2000 30.2969
17.7000 18.7812
48.1000 45.0625
15.6000 22.7188
26.4000 27.7188
13.5000 13.7266
18.2000 19.9219
13.6800 13.8984
76.8000 96.3125
88.0000 78.1250
1.9170 1.9912
20.1000 19.0781
60.4000 59.1875
39.3000 38.7188
28.3000 26.6719
15.2100 15.2656
9.5100 7.2578
11.1000 10.7422
57.1000 56.0000
48.0000 64.0625
47.1000 51.7188
7.7700 8.0547
3.6500 3.3867
69.4000 73.6250
119.2000 105.5000
14.3200 13.4922
37.1000 39.7188
26.3300 26.7188
30.0000 19.6406
73.9000 66.9375
3.8100 5.5352
29.0000 27.2656
57.0000 54.0312
43.9800 42.3750
34.1000 29.4531
9.4200 8.3047
71.4000 70.5000
12.4000 11.7422
76.5000 73.6250
76.7000 76.3125
14.1000 13.1875
15.8800 15.6484
40.0000 43.1250
110.8000 76.8750
57.0000 5.7422
23.9300 22.3906
46.8000 50.1875
52.3000 47.0000
11.9700 10.0938
94.0000 74.5000
45.0000 41.4375
41.4200 41.1875
12.7800 12.8047
19.8000 19.7969
23.3000 31.8594
60.0300 63.8438
48.2000 49.1875
120.6000 99.4375
84.1000 91.8750
13.1100 12.8828
26.6000 22.9531
30.1500 29.1562
2.1000 2.0801
53.3000 60.1562
14.9000 16.3125
9.8800 11.3047
17.9000 19.6406
110.0000 89.3750
11.9900 12.3281
77.5500 74.1875
44.8000 40.6250
53.8800 78.1250
101.5000 53.1875
13.6000 14.1016
65.2000 57.8125
12.9000 12.9375
17.8000 22.2500
80.7000 75.3750
7.1700 7.4062
15.0000 14.3984
48.7000 70.5000
43.1400 64.8750
53.9000 46.9062
115.4000 101.0000
44.7000 46.9062
12.1500 12.4062
23.3000 23.6562
41.9000 39.9062
101.0000 99.0000
9.5400 9.9609
52.8000 54.6875
78.1000 71.0625
68.6000 66.1875
69.1000 65.1250
9.3600 11.1797
38.0600 37.1250
48.9000 49.9062
29.2000 29.2656
46.8500 48.8125
14.4800 14.8281
80.1900 76.6250
43.6000 42.0312
16.4000 16.3750
78.6000 66.4375
35.6300 36.1562
16.8000 13.6406
21.2700 21.6250
37.6000 37.7188
77.8000 75.6875
5.9600 6.7734
10.7000 9.3359
8.0900 9.3359
80.2000 76.8750
15.0000 15.8516
11.3000 11.3516
11.1600 9.9453
13.1000 15.7188
21.6000 19.6094
14.0100 14.2188
17.0000 17.6094
55.5000 54.0312
41.0900 32.2500
116.4000 96.3125
42.0000 40.5312
26.0800 44.0938
15.5000 15.7188
34.8800 37.0312
22.5400 21.4062
22.7000 25.6094
24.1900 25.0469
12.3800 13.0781
5.3000 5.2969
13.4000 13.2188
99.7000 61.8438
11.6500 12.5078
15.8000 16.4531
5.8900 6.5039
51.2000 57.3438
59.0000 54.0312
59.3000 71.8750
38.2000 40.0625
96.4000 83.5625
6.0700 6.3477
6.9600 7.7227
10.3000 10.6250
23.0000 20.8438
33.8000 30.4688
26.6800 26.8906
4.3000 3.7285
14.8000 13.9531
4.4480 3.6367
9.5500 14.6094
72.2000 74.8125
17.3600 16.9688
16.5300 18.7031
91.0000 77.5000
20.9500 18.7031
56.0000 20.7188
90.0000 84.8750
49.4000 57.8125
25.6000 24.3906
22.1000 21.7656
115.8000 101.8125
52.0100 45.5938
33.5000 35.6562
47.9000 48.3125
27.5000 27.6094
9.7700 9.2578
20.6000 25.3438
46.2000 53.5938
3.5000 3.5977
20.3600 20.7188
11.3000 11.3516
95.0000 85.9375
34.9000 41.6875
31.3000 30.9688
4.9000 5.1328
73.0000 56.6562
112.0000 92.2500
45.0700 43.5625
26.7000 24.8906
17.1200 17.4375
39.0000 40.4688
83.9000 59.4375
81.0000 80.3125
33.1700 32.6250
67.8000 46.8125
6.6000 8.7500
48.0000 68.5625
56.9000 61.3438
13.4900 14.0703
67.6000 68.8125
60.0000 61.5938
98.2000 45.5312
25.4100 18.8906
13.9700 14.3125
16.2500 21.1094
6.8000 6.7422
42.1000 39.9688
8.5600 9.0781
78.2000 76.0000
6.7600 6.9414
18.1000 18.4688
42.6000 47.7500
21.9000 17.9844
93.5000 86.2500
31.2700 30.5938
33.4000 33.8438
17.7000 16.9062
19.8700 20.6719
26.7500 26.8906
11.6000 13.0781
24.7000 25.2969
29.7000 29.8594
23.2000 24.0469
34.4000 45.1562
9.0900 9.5234
37.5000 38.0938
36.4800 35.8750
47.8000 46.7188
23.6600 23.0000
41.2400 40.3750
16.8000 16.9062
14.7400 13.7500
70.8000 69.1250
33.2000 30.8438
95.5000 83.5625
19.4200 21.0625
81.6000 75.3750
85.9000 54.2500
57.9000 54.2500
33.0000 34.6562
55.0000 52.0312
53.0000 49.5000
94.0000 87.6250
28.5700 25.3438
22.8000 23.7031
21.3000 22.6719
43.2000 54.4688
28.5500 28.1719
57.5000 60.8750
72.9000 69.9375
5.7400 6.0664
30.5000 31.4688
42.2100 40.9375
41.9000 41.5938
88.4000 86.2500
22.2000 21.7969
15.0000 14.5547
21.0000 31.7969
90.3000 77.8125
49.8000 51.0000
46.9300 45.2500
14.0000 13.9844
40.1000 37.4062
49.3000 48.7188
8.0800 8.5625
12.7000 12.5625
40.9900 38.0312
12.0600 12.6406
34.0000 33.5000
15.1000 16.9062
61.2000 32.6250
11.2700 11.7188
67.0000 72.1875
49.9700 48.9062
71.5000 69.6250
4.8520 5.2148
30.7000 30.1719
12.8300 12.8594
105.6000 67.5000
34.4000 31.5312
13.8000 11.0625
12.4300 12.4609
26.0500 27.0469
27.3000 27.1094
34.4300 38.4062
50.1000 49.0000
14.4000 14.1875
83.6000 73.0625
55.6000 51.4062
4.0240 4.6562
11.4000 11.6406
43.5000 38.4688
13.5000 14.1641
60.0000 67.7500
100.8000 81.6250
38.4100 37.6250
11.5200 12.1719
31.1000 30.9688
14.6000 17.2812
16.4000 17.7969
102.4000 94.0625
38.8000 36.3750
39.5000 39.9688
8.2100 9.1172
28.9100 27.8906
39.2500 40.1250
8.7600 9.4844
17.4000 17.3906
44.3000 42.0938
35.1800 34.8750
29.3000 27.4375
6.2000 6.2266
72.5000 64.6250
69.0000 69.6250
22.9000 25.4062
6.2200 6.3594
6.2200 6.7422
28.9000 28.1719
16.7000 16.7188
17.5000 17.3594
103.1000 82.2500
13.9000 15.3594
48.1400 40.3750
12.9700 12.4844
22.4000 24.1875
12.9000 13.0234
55.8000 53.1875
12.2000 12.2500
39.8000 38.0938
26.1000 25.5000
48.2000 45.8750
5.6000 4.8984
35.2000 31.6719
21.6000 22.0312
83.6000 99.4375
15.3300 15.5547
24.9000 25.7188
19.6000 21.0625
93.9000 83.2500
38.8000 47.8438
59.7000 48.6250
6.7300 7.3242
19.1400 18.7812
69.2000 65.6250
62.5000 59.6562
16.1300 16.1875
109.0000 97.1250
11.3000 11.2812
9.0400 9.6641
87.0000 67.1875
39.9000 39.8125
79.0000 100.1875
3.6920 3.6016
115.8000 94.8125
75.8000 77.1875
0.2700 0.3379
22.1000 21.3125
12.1000 12.3828
14.5300 14.2188
26.1000 26.7812
56.9000 62.8438
14.0000 12.6406
58.9000 52.6562
33.4300 34.8750
44.1000 43.9062
54.7000 38.8750
8.1300 8.1406
13.0000 12.8281
11.9800 12.1484
11.6000 12.6172
67.1000 68.8125
18.4800 18.4219
7.4700 7.8789
12.5000 13.1016
19.0000 19.4062
5.0010 5.5859
80.4000 58.2812
12.6600 12.4297
27.6200 25.8750
96.7000 90.4375
34.6000 34.7500
16.7600 15.9766
34.1000 29.0938
98.0000 88.3125
26.1000 25.7656
45.3000 44.1875
93.8000 89.7500
12.7000 12.1953
12.2300 13.2188
17.8000 21.5312
59.0000 55.3438
12.1000 12.1719
20.8000 19.8906
32.3100 31.2812
51.0000 20.0469
5.5800 5.5859
8.6800 8.6406
37.5200 36.6562
45.8000 38.0938
116.8000 105.0625
31.6000 33.7188
17.4600 17.4688
29.5900 33.9688
22.6000 20.0156
25.0000 25.8750
98.2000 73.0625
35.6000 34.8750
45.1000 42.5312
109.0000 70.5000
37.6000 31.3438
24.4100 24.4844
21.3000 20.9375
41.0000 41.6875
43.4000 43.7500
6.9100 6.6523
26.2400 25.7188
19.5500 19.3594
34.5000 39.1875
63.0000 60.1562
28.9600 28.4531
63.8000 56.4375
85.0000 105.0625
11.8300 11.8906
10.9800 11.2812
14.1900 14.5234
53.0000 47.7500
50.5000 52.3438
56.2000 49.5938
42.0000 31.7344
5.2800 5.5352
9.0400 9.4375
90.0000 94.4375
25.6900 21.4531
37.9000 38.3125
80.1000 66.6875
14.8000 15.6172
53.5000 72.1875
25.1000 25.6562
38.3000 32.5000
21.6000 20.4688
6.0000 5.1875
14.5300 14.2812
41.0800 37.9375
48.0000 46.1562
77.9000 64.8750
26.0000 24.5938
8.9000 9.7266
48.6000 32.0625
35.0000 34.3125
52.0000 50.0000
4.4000 4.2812
38.2000 34.5312
27.3000 22.2969
91.7000 90.4375
8.0800 8.4844
27.7000 28.9688
105.3000 97.1250
18.7100 18.8125
47.3700 40.7812
20.0000 24.7344
13.6700 14.2188
66.7000 78.4375
9.9800 10.3750
1.9000 1.9678
77.1000 58.9688
9.2000 9.2188
4.9810 5.4336
40.0300 35.4375
5.2940 5.8203
32.0000 40.1250
51.5300 50.5000
55.7000 59.1875
5.3600 6.0508
103.0000 95.5625
59.8000 59.6562
31.8900 32.9688
74.9000 60.6250
36.0200 32.3125
23.0200 23.2812
16.7200 17.7969
67.6000 74.8125
3.1150 3.7949
77.9300 76.0000
106.0000 87.9375
9.2100 26.5000
74.1000 71.3125
16.4000 21.6250
19.1100 19.1250
15.3000 14.8594
27.2000 27.5469
16.3000 17.0000
38.0000 41.8438
20.1000 19.4844
46.3000 46.3438
73.6000 65.8750
5.4700 5.8398
26.0000 19.6875
32.4000 31.6094
70.0000 67.5000
22.9000 23.0000
53.4000 50.5000
17.4600 17.9844
68.6000 65.8750
108.0000 100.1875
40.6000 40.6250
87.1000 75.1250
22.3600 24.1875
14.1000 14.4609
48.7000 41.3438
65.3000 65.6250
19.5900 19.2812
48.0000 46.4375
28.9000 39.0938
35.6000 34.4688
85.0000 99.4375
13.2000 10.9453
106.6000 86.9375
93.4500 86.5625
16.4100 17.1094
16.0800 17.6875
14.0500 13.3828
15.7700 15.6484
105.1000 97.5000
11.5000 11.6641
44.6600 44.8125
38.1000 33.5625
42.9000 45.6875
24.1100 23.4688
87.0000 41.1875
42.0000 36.5938
48.1000 41.5938
12.3700 11.9453
13.9000 12.8047
37.0000 36.7500
10.5000 11.3047
58.9000 45.5938
29.0000 27.9375
99.0000 90.8125
12.7800 11.9922
23.7100 22.3906
44.4000 42.0938
76.4000 73.6250
37.3000 42.6875
46.0000 46.3438
12.1800 12.6406
24.0600 23.5156
47.8000 45.4375
9.2200 9.7500
96.0000 88.3125
106.0000 103.4375
75.4000 61.8438
43.5500 46.4375
28.7000 28.6250
38.0000 19.6094
14.4900 15.5547
65.7000 73.3125
97.8000 91.1250
33.4000 32.9688
25.1000 32.3125
13.1700 12.5625
8.2720 8.3438
18.6500 20.7969
118.0000 85.9375
67.7000 46.6250
50.2000 41.9375
51.0000 49.0000
26.9000 24.7969
44.9000 43.5625
90.6000 81.6250
86.0000 65.8750
32.3400 28.5625
10.0000 9.8594
34.1000 31.0312
24.5000 25.0938
53.0000 50.3750
70.6000 67.5000
64.2000 64.8750
51.1000 47.8438
33.6000 33.0938
17.4600 16.0781
21.9000 21.0156
10.5000 11.2266
115.6000 99.8125
105.0000 100.1875
117.4000 95.5625
61.3000 60.8750
65.0000 54.0312
22.6000 21.3594
11.4100 11.3047
9.7600 9.6484
29.4000 31.4688
22.3000 27.6562
73.0000 159.5000
11.5300 10.7812
52.5000 48.3125
18.8000 20.0156
109.2000 96.6875
59.9000 51.5000
16.8600 16.7188
28.5600 26.1406
17.1500 16.4219
46.0000 51.1875
27.4700 24.6875
17.7500 17.7188
32.8000 38.7188
86.8000 79.3750
63.0000 53.2812
70.1000 62.0938
21.9000 22.2969
31.8000 34.3750
14.6100 15.2031
16.7000 17.5469
22.6500 21.0156
26.1000 25.9688
84.9000 88.6875
14.5400 13.3281
19.5400 17.2812
14.4000 15.2031
18.1400 17.9062
102.6000 74.8125
96.3200 89.3750
18.7100 17.0000
88.1000 95.9375
31.9000 31.3438
3.0930 2.4844
28.2000 25.7188
9.8400 9.8125
23.4000 21.5781
49.0000 43.3750
10.8000 10.8047
81.0000 71.8750
25.6300 24.8906
7.1700 7.1484
63.6000 63.5938
100.7000 66.9375
93.4000 67.7500
51.1000 48.5312
46.1000 46.4375
17.3900 17.8750
17.5000 17.2188
41.1000 40.4688
12.6800 13.0234
101.8000 101.8125
47.2000 43.4688
57.0000 54.4688
12.2700 12.0156
19.2100 19.4844
22.0000 21.1875
68.7000 73.3125
35.5100 34.4688
88.9000 76.6250
75.1000 61.8438
32.3000 33.4375
92.5000 86.2500
45.8000 42.0938
65.6100 64.8750
8.8900 9.5625
13.5000 11.9141
34.9100 34.0312
13.3500 13.1562
6.6300 6.5938
28.9100 28.5625
12.4800 12.3516
16.0100 15.0469
15.5700 17.1406
27.7000 26.9375
22.4900 22.8125
39.5000 37.5000
72.2000 59.9062
76.0000 90.0625
40.2000 38.0312
23.5900 23.4688
44.0000 39.1875
29.8600 25.6562
18.0000 18.5000
6.9510 6.3320
18.1000 16.7969
22.0500 19.7188
104.1000 83.8750
9.2000 8.2656
39.6500 37.2500
80.0000 79.6875
18.3700 18.7344
78.2000 31.4688
11.5000 12.1172
38.7600 38.7812
106.5000 95.5625
73.4000 61.8438
56.8000 52.7500
50.0000 51.5000
51.7400 50.1875
121.7000 101.8125
19.5000 19.6875
42.7000 42.1875
79.8000 86.5625
65.9000 61.5938
36.5000 31.6719
35.0000 33.2188
58.0000 51.8125
14.5400 14.8281
21.6300 22.3438
78.0000 65.8750
96.9000 80.9375
31.1000 30.3594
54.0000 48.7188
96.2000 90.4375
79.9000 68.5625
98.0000 83.8750
18.1000 16.2188
90.8000 89.0000
7.9800 7.6406
21.5000 24.3438
51.3800 63.5938
19.8700 19.5625
23.3300 23.2812
118.2000 102.6250
6.7300 7.0664
51.9000 52.9688
31.1000 31.6094
76.0000 62.0938
10.3700 10.5781
83.9000 85.9375
62.1000 71.3125
23.5100 22.6719
24.0000 28.9688
38.3000 33.9688
23.0000 21.9375
109.4000 111.0000
14.5400 14.2500
15.2000 15.1094
17.5800 18.3906
5.7200 6.1406
101.3000 77.1875
13.5900 13.3281
20.7100 20.3750
56.7000 63.8438
28.0900 26.4531
20.3900 20.6406
16.2500 16.0781
44.5000 41.5938
53.8400 52.8438
24.5000 25.5625
36.5100 38.2500
22.8400 23.2344
25.0400 21.7969
24.4900 25.6562
45.8000 47.1875
19.2500 18.8125
79.0000 66.4375
25.0900 24.5469
35.7000 34.6562
24.8400 28.8594
51.4000 55.1250
11.1500 11.1094
50.0000 42.3750
35.8800 34.6562
44.4400 48.2188
20.8500 21.1875
47.5000 45.4375
104.2000 96.3125
34.5000 33.9688
26.0100 26.4531
57.8000 61.5938
9.1000 7.5039
27.2000 27.7188
26.4800 25.2031
56.6000 52.5312
28.4000 29.0938
46.0700 45.4375
25.1000 26.1875
39.8400 35.9375
10.5000 10.7578
12.0000 12.9688
15.5300 15.1406
63.5100 65.3750
41.5300 39.0312
30.7000 30.2344
53.0000 52.6562
31.0500 30.3594
31.0400 31.4688
31.4000 34.0312
1.5320 1.5889
14.0600 14.3672
48.4200 41.7812
9.9000 10.6016
68.6000 65.8750
12.0000 14.2500
74.0000 65.3750
91.3000 80.0000
120.0000 104.2500
26.4100 26.7812
20.4000 15.9141
26.0000 27.4375
73.3000 83.8750
12.7000 12.5078
19.5700 19.8906
57.0000 72.5000
23.5000 23.0938
80.8000 62.5938
60.5000 56.0000
90.4000 90.4375
14.4800 14.7656
89.6000 86.5625
37.4000 40.4688
48.4100 42.0312
21.3100 20.9688
86.9000 76.8750
31.9000 142.2500
35.6000 43.8125
81.5000 71.3125
15.1800 15.2031
15.7000 15.9766
12.9300 13.8672
75.2000 64.0625
18.7300 19.2500
26.9000 37.6250
46.6000 48.7188
21.8000 20.0156
46.2000 53.8125
11.0000 9.9219
65.0000 63.0938
84.2000 80.6250
18.7000 16.8281
17.0000 14.4297
42.3100 38.6250
77.5000 73.6250
11.5000 9.2969
81.3000 76.8750
19.5900 19.3281
19.4000 19.2031
64.1000 73.9375
109.9000 99.4375
55.6000 51.5938
16.0100 16.4219
15.3000 21.9844
30.4000 29.8594
44.6300 41.4375
35.2000 34.7500
10.3400 10.3125
23.1000 21.4062
15.0600 15.4219
46.8000 50.5938
89.7000 89.7500
42.0000 38.2500
27.3400 25.0469
32.8000 32.0625
14.7900 15.2969
13.1800 13.8359
6.9260 5.1680
28.7000 28.6250
36.0000 38.6250
31.5000 30.5312
41.2000 40.9375
112.4000 99.8125
49.2000 49.0938
10.2000 10.9453
60.6000 60.3750
21.9000 29.0938
40.7000 32.1250
18.5700 17.9062
86.0000 98.2500
9.3200 9.3984
36.8000 32.8438
50.0000 51.8125
20.3200 18.5469
96.5100 95.9375
52.5000 48.3125
51.3900 49.9062
19.2100 18.5469
24.0600 22.3906
31.9000 33.0312
21.9800 21.8906
48.4200 51.8125
57.1000 62.5938
10.0000 12.8047
20.1600 19.3594
12.0700 24.2344
39.8000 44.7188
35.2000 37.1250
5.5000 4.0000
42.2000 47.8438
25.9000 25.5000
7.7900 7.8789
32.0000 35.0938
33.6000 32.9688
81.5000 78.4375
41.1000 39.9062
26.7000 23.9531
40.8000 41.3438
24.3600 23.4688
73.2000 69.9375
111.0000 90.8125
37.4000 38.4688
56.1000 70.1875
29.8000 29.0312
21.3000 20.1250
36.3000 36.0000
58.7000 16.9688
62.4000 59.6562
72.0000 69.9375
26.3400 27.6094
50.0000 49.0938
17.2400 17.1875
38.1000 32.8438
96.2000 63.3438
9.4900 9.7969
47.2000 48.3125
72.6700 68.0000
25.9000 25.3438
14.8640 15.2969
90.7000 94.8125
10.7600 10.2422
13.5000 14.0469
113.0000 107.1875
33.4000 33.3750
14.8000 15.3281
48.5000 52.0312
41.3000 40.0625
4.8000 5.6367
30.9000 30.1719
39.8100 42.4375
14.9000 15.5547
37.9000 34.6562
114.0000 111.9375
84.3000 66.1875
42.4000 43.4688
5.6900 5.4453
36.0000 56.2188
62.8000 73.0625
30.3900 30.1094
44.4000 44.0938
57.8000 62.8438
14.8000 14.4297
43.0000 37.1875
24.6000 17.9375
110.1000 100.1875
32.8000 31.7969
42.4000 34.0312
24.2000 23.5625
42.2000 42.7812
45.6000 44.0938
90.0000 77.1875
21.0000 19.9688
18.3500 17.1094
6.6500 6.5195
70.0000 66.6875
38.5000 37.1250
51.1000 39.9688
39.0000 35.5000
17.1300 20.5469
112.0000 36.0938
42.0000 42.7812
29.5000 30.4219
41.4000 45.5312
111.0000 89.3750
28.3500 29.8594
12.2400 11.3281
11.0000 11.3516
5.0700 4.6250
16.2900 16.0781
15.5600 14.7031
28.2200 28.7500
69.8000 69.6250
67.6000 67.1875
72.1000 66.1875
19.9300 21.8438
41.3000 39.9688
15.5100 18.1719
15.0000 13.7500
76.7000 83.2500
120.0000 105.0625
27.3000 25.9219
20.9000 20.9688
26.8800 25.9219
44.5000 43.3125
63.2000 55.7812
109.7000 97.8750
10.3300 10.1562
29.7200 29.6875
8.8900 8.5469
86.3000 88.3125
6.0000 5.5352
42.0000 49.3125
26.0000 25.6562
33.0000 30.4219
7.9900 8.2500
13.0000 9.8359
94.7000 87.9375
19.7100 18.7812
26.0000 26.0312
8.0400 7.9844
36.2000 34.9375
25.7000 28.3438
6.9500 6.8945
22.0000 20.8906
18.4900 17.8750
39.2000 38.0938
67.2000 54.6875
23.2000 23.6562
87.1000 82.2500
48.9000 47.8438
67.5000 88.6875
14.4500 14.3125
70.0000 77.1875
57.3000 58.0312
20.6400 20.2188
45.9000 48.8125
