94.0000 95.5625
580.9999 561.5000
766.0002 823.5000
21.8000 26.8906
423.0001 397.7500
1130.0001 1100.0000
95.0000 85.5625
52.2000 79.6875
410.0000 505.0000
969.9999 744.0000
411.0000 384.0000
165.0000 178.7500
57.0000 46.9062
143.0000 157.0000
59.1000 69.3750
59.5000 79.3750
1000.0001 823.5000
806.9999 721.0000
943.0001 840.0000
19.3800 23.5625
57.9000 69.9375
545.0000 443.7500
406.0001 362.0000
813.0002 773.5000
141.0000 189.6250
930.0001 827.0000
110.0000 184.3750
528.0000 782.5000
333.9999 574.5000
363.0000 435.2500
61.0000 67.5000
250.0000 261.5000
263.0000 467.0000
735.0000 814.0000
357.9999 600.0000
360.0000 397.7500
110.0000 148.0000
776.9999 741.0000
719.0001 712.5000
287.0000 296.5000
74.3000 99.8125
21.0000 21.6250
324.9999 318.2500
62.0000 64.0625
549.0001 552.5000
752.0001 830.0000
612.0001 721.0000
587.0001 685.5000
13.7000 22.1250
422.0001 388.5000
264.9999 252.5000
698.9999 937.0000
413.9999 497.2500
0.0291 -0.0840
32.5600 61.8438
141.0000 160.7500
340.0000 318.2500
915.0000 814.0000
580.0001 483.7500
152.0000 188.1250
70.0000 76.3125
635.9999 690.5000
23.1800 17.4688
154.9000 132.5000
1000.0001 911.5000
774.8001 704.5000
856.0001 940.5000
75.5000 85.9375
200.0000 180.8750
352.0000 317.0000
5.6000 9.4609
168.0000 158.8750
76.8000 71.6250
802.9998 365.0000
118.0000 143.3750
350.0001 291.7500
450.3001 542.0000
441.0001 527.0000
40.1000 40.6250
261.0000 265.7500
84.1000 90.0625
121.0000 163.8750
145.9000 152.1250
845.9999 744.0000
637.0000 747.0000
828.9999 659.0000
268.0000 275.2500
121.4000 115.0625
395.0000 626.5000
845.9999 860.0000
37.9000 41.5312
377.0000 363.5000
837.6000 729.5000
427.9999 515.0000
390.0000 365.0000
1069.9999 959.0000
449.0000 337.5000
901.0000 450.7500
178.0000 188.8750
139.5000 157.0000
85.0000 66.9375
205.0000 235.2500
242.0000 181.5000
472.9999 527.0000
33.5100 27.3750
731.9999 559.0000
60.2000 70.1875
8.0700 9.2969
531.9000 533.5000
763.0001 619.0000
122.0000 141.7500
2.0740 2.1348
352.0000 357.7500
146.9000 150.8750
144.0000 185.8750
406.0001 397.7500
66.5000 73.9375
35.8000 43.3750
940.0002 786.0000
4.4000 6.5781
974.9998 798.0000
11.2000 14.6719
526.9001 517.0000
135.3000 157.6250
179.0000 149.7500
71.0000 92.2500
282.0000 231.6250
224.0000 201.8750
162.0000 188.8750
772.6999 701.5000
28.3000 55.7812
300.0000 263.5000
250.0000 248.5000
129.0000 54.9062
6.2000 6.3750
248.0000 235.2500
125.0000 124.4375
289.0000 280.7500
40.0000 76.8750
1109.0002 795.0000
408.0001 413.5000
737.0000 619.0000
444.0001 544.0000
545.9999 519.0000
105.0000 127.9375
295.0000 391.5000
342.0000 252.5000
392.9999 289.5000
447.0999 467.0000
900.0001 579.0000
247.8000 193.3750
260.0000 200.2500
310.0000 443.7500
720.0002 707.0000
270.0000 266.7500
97.0000 80.0000
41.3000 40.6875
866.0000 715.5000
770.0000 894.0000
87.0000 91.8750
230.0000 241.7500
19.1000 131.0000
128.4000 129.0000
476.0001 445.5000
379.5001 167.8750
6.5000 6.3477
62.1000 58.7188
1028.0000 863.0000
118.0000 117.3125
241.0000 249.5000
2.0000 2.4707
364.9999 755.5000
271.0000 246.6250
871.9999 948.0000
930.9999 776.5000
160.0000 173.8750
1.3000 1.3945
644.9999 648.5000
157.0000 162.6250
692.9999 631.0000
0.7860 0.9692
167.2000 162.6250
881.0002 767.5000
217.0000 188.1250
665.0001 792.0000
421.0000 376.5000
1014.0002 876.5000
77.8000 80.6250
789.9999 666.5000
44.7000 54.6875
917.9999 699.0000
260.0000 187.3750
185.0000 169.8750
41.0200 54.4688
483.0001 318.2500
12.8000 11.4453
367.0000 317.0000
75.0000 70.1875
112.0000 138.3750
13.0000 11.5938
204.0000 200.2500
150.0000 337.5000
697.9999 724.0000
345.5999 454.2500
516.0001 523.0000
704.0001 747.0000
211.6000 191.0000
13.3600 12.6406
172.0000 185.1250
215.0000 180.8750
38.1000 44.4375
167.0000 151.5000
384.0000 456.2500
160.0000 162.6250
372.0000 472.5000
112.6000 104.2500
139.0000 188.1250
760.0001 795.0000
193.0000 220.0000
45.0000 40.6875
9.4000 9.3984
405.0001 463.2500
520.0001 624.0000
101.1000 84.5625
276.0001 289.5000
275.0000 260.5000
911.9999 750.0000
36.5000 41.3438
220.0000 256.5000
10.4000 10.8047
854.0000 755.5000
544.0001 501.0000
625.0001 641.0000
129.9000 141.7500
179.0000 170.5000
300.0000 405.5000
257.0000 243.7500
527.0001 628.5000
377.0000 420.2500
1110.0000 849.5000
917.9999 704.5000
75.0000 76.8750
1099.9998 866.5000
899.0001 846.5000
260.0000 413.5000
563.0001 523.0000
256.0000 260.5000
264.0001 317.0000
728.0001 853.0000
3.7500 3.3516
435.0001 440.2500
160.0000 187.3750
51.9000 56.9062
135.4000 148.0000
401.0001 497.2500
205.5999 195.6250
75.4300 103.4375
64.6700 70.1875
940.0002 732.5000
850.0001 609.5000
949.9999 786.0000
54.0000 62.8438
502.0000 521.0000
0.0336 0.2769
1077.0002 758.5000
240.0000 245.6250
48.0000 59.4375
860.0002 707.0000
536.9999 410.5000
122.5000 115.5000
702.0001 801.5000
561.0001 521.0000
342.9999 344.0000
1124.0001 817.0000
17.0400 16.9688
525.0000 452.5000
10.0800 8.8672
427.9999 443.7500
236.0000 110.1875
0.0500 1.9453
8.1500 13.4375
149.0000 153.3750
690.0000 523.0000
5.0000 5.9414
14.7000 16.0156
52.0000 59.6562
691.0001 758.5000
802.9998 747.0000
1077.0002 792.0000
180.0000 287.2500
226.0000 247.5000
538.0001 581.5000
0.7040 1.7559
7.5000 9.4375
120.0000 119.1875
85.0000 94.8125
184.0000 163.8750
564.0001 648.5000
220.0000 242.7500
189.0000 175.8750
619.0000 542.0000
137.0000 142.2500
129.0000 146.8750
26.0000 19.8906
27.8000 29.6875
120.0000 120.6250
51.9000 62.5938
813.0002 721.0000
860.0002 827.0000
172.0000 194.8750
200.0000 149.7500
792.0000 685.5000
248.0000 242.7500
166.0000 163.2500
673.5001 626.5000
163.9000 173.2500
155.0000 204.2500
268.0000 219.2500
160.0000 173.2500
57.0000 54.0312
44.6000 34.4688
498.3000 643.5000
155.6000 140.1250
250.0000 410.5000
4.4300 15.4609
159.0000 210.7500
159.0000 155.7500
13.7100 17.1406
777.9999 456.2500
205.0000 225.2500
277.0000 287.2500
880.0002 738.0000
305.5000 341.5000
729.9999 619.0000
126.0000 153.8750
865.9000 732.5000
101.0000 101.3750
589.9999 454.2500
156.0000 141.7500
450.0000 387.0000
278.0000 929.5000
294.0000 333.5000
532.0001 546.0000
904.9998 773.5000
64.9000 70.1875
144.0000 279.5000
163.0000 194.1250
297.6000 360.7500
252.0000 163.8750
85.7000 98.2500
1062.9998 1001.5000
843.9999 738.0000
19.0000 25.5000
264.0001 318.2500
743.0000 807.5000
607.9999 588.5000
1048.9999 789.0000
441.4001 454.2500
28.1000 39.0938
22.0000 19.1250
60.9000 72.5000
12.0000 11.4219
1008.0001 701.5000
1077.0002 801.5000
307.0000 301.2500
1059.0002 887.0000
639.9999 624.0000
0.1029 0.2089
158.0000 197.8750
268.0000 271.0000
377.0000 465.2500
890.0001 823.5000
177.9000 183.0000
298.1000 319.5000
693.9000 638.5000
607.0000 542.0000
913.8001 738.0000
1091.0000 901.0000
799.0001 718.0000
800.9999 523.0000
220.0000 236.1250
10.1900 11.6953
774.9999 761.5000
16.4000 14.4609
32.8000 29.9844
38.0000 32.7812
210.0000 203.5000
1.6120 1.8545
364.0001 399.2500
708.0001 715.5000
731.9999 880.0000
768.0001 712.5000
0.1280 0.2969
296.0000 472.5000
330.0000 328.2500
547.0001 542.0000
740.0001 786.0000
1000.0001 840.0000
237.0000 271.0000
103.0000 87.9375
530.0001 583.5000
115.7000 177.3750
251.8000 235.2500
122.4000 115.9375
262.0000 201.8750
241.0000 181.5000
112.0000 156.3750
654.1000 638.5000
656.9999 638.5000
17.7800 18.9219
577.0000 495.2500
27.9000 34.6562
51.5000 56.6562
5.6500 8.3047
7.9000 15.7500
121.0000 133.1250
182.0000 204.2500
1020.0000 811.0000
383.0000 452.5000
154.8000 178.7500
450.0000 381.0000
0.9540 0.5283
655.9998 574.5000
141.0000 169.8750
668.0000 638.5000
647.0001 688.0000
394.0000 365.0000
144.9000 210.0000
570.0000 559.0000
85.6000 101.8125
538.0001 542.0000
38.6000 39.2500
561.0001 523.0000
373.6001 521.0000
273.0000 287.2500
18.0000 16.8281
260.0000 279.5000
329.0000 454.2500
522.0001 443.7500
86.3000 95.5625
3.5900 4.3203
150.0000 234.3750
549.9999 505.0000
1000.0001 724.0000
260.0000 415.2500
2.6800 3.8086
290.0000 337.5000
925.0002 779.5000
69.5000 74.8125
166.0000 181.5000
420.0001 476.2500
530.9999 450.7500
1.0500 2.2852
220.0000 246.6250
57.0000 64.6250
401.0001 345.5000
181.0000 242.7500
880.0002 786.0000
105.7000 93.3125
60.5000 73.9375
377.0000 306.0000
464.0000 296.5000
13.0000 13.8125
26.0000 25.0000
266.0000 312.0000
883.0001 782.5000
203.0000 189.6250
315.9999 248.5000
1068.9999 801.5000
313.0000 393.0000
246.0000 285.0000
415.1001 369.2500
939.0001 738.0000
476.0001 385.5000
134.0000 134.1250
662.9999 672.0000
149.0000 231.6250
517.0000 631.0000
772.0000 761.5000
616.9999 579.0000
704.0001 696.0000
144.0000 131.5000
324.9999 359.2500
663.9999 704.5000
919.0001 811.0000
485.9999 483.7500
12.9000 11.8672
192.0000 237.1250
574.0001 704.5000
98.8000 121.0625
166.8000 150.3750
245.0000 341.5000
38.1000 45.9688
47.0000 86.2500
720.0002 704.5000
392.9999 365.0000
48.0000 58.7188
502.9999 523.0000
539.0001 581.5000
50.0000 301.2500
669.9999 669.5000
80.0000 89.3750
489.9999 529.5000
281.0000 258.5000
509.0000 449.0000
1.8290 2.0742
350.0001 317.0000
186.8000 138.3750
62.4000 85.5625
88.4000 85.5625
255.0000 341.5000
1000.0001 782.5000
290.0000 306.0000
672.0001 602.5000
1.0000 6.4180
558.0000 531.5000
6.9000 10.5781
648.9998 654.0000
72.4000 74.8125
189.0000 169.8750
1.0000 9.5469
18.6000 25.2031
917.0001 764.5000
255.0000 271.0000
74.0000 52.8438
990.9999 732.5000
65.9000 79.0625
683.0000 602.5000
173.0000 188.1250
760.0001 811.0000
562.0000 519.0000
44.0000 44.0938
200.0000 304.7500
379.0000 385.5000
320.9999 327.0000
285.9999 280.7500
465.0000 359.2500
913.9999 876.5000
686.9999 628.5000
14.8400 17.7656
494.0001 463.2500
649.9999 659.0000
854.9999 798.0000
300.9999 293.0000
959.9999 693.5000
29.7100 36.0000
1081.9999 846.5000
0.0100 9.2969
577.0000 376.5000
245.0000 238.0000
20.0000 61.8438
164.4000 220.0000
112.4000 155.7500
54.7700 52.2188
74.7000 84.5625
302.0000 317.0000
1099.9998 696.0000
3.7500 6.2461
886.0001 758.5000
1099.9998 811.0000
722.9999 542.0000
626.0000 577.0000
179.0000 202.6250
257.0000 275.2500
711.0001 654.0000
843.9999 792.0000
112.0000 101.0000
291.0001 302.2500
381.9000 369.2500
423.0001 661.5000
597.0001 721.0000
768.9999 699.0000
0.5730 0.8940
305.0000 337.5000
264.9999 275.2500
993.0000 750.0000
105.4000 95.5625
252.0000 280.7500
260.0000 334.7500
6.2800 10.5547
247.0000 322.0000
367.0000 454.2500
31.0000 30.3594
338.0000 332.2500
130.0000 146.8750
203.0000 203.5000
186.2000 199.5000
201.0000 197.8750
16.0000 21.2344
33.0000 33.5625
35.0000 48.8125
959.9999 666.5000
23.0000 23.5156
1.0950 1.7236
278.0000 276.2500
415.0001 397.7500
336.0001 447.2500
310.5000 322.0000
25.1000 41.0312
686.0000 561.5000
26.0000 24.8438
39.5000 42.7812
20.8000 26.8906
88.1000 109.7500
0.9500 2.1230
40.4000 29.1562
788.0000 761.5000
83.9000 80.6250
74.6000 80.6250
441.0001 450.7500
443.0001 480.0000
116.0000 155.7500
56.0000 70.5000
7.5000 9.5625
487.9999 458.0000
88.0000 85.2500
686.0000 804.5000
538.0001 597.5000
3.6000 5.1250
418.9999 353.7500
52.0000 54.0312
74.1000 85.2500
533.9999 559.0000
5.3000 7.5703
47.0000 15.0156
0.1730 0.7725
1.8400 12.6172
230.0000 280.7500
244.0000 280.7500
318.0000 325.7500
272.0000 185.8750
106.0000 93.0000
722.9999 612.0000
0.6450 1.7559
205.7000 266.7500
1010.0002 792.0000
113.0000 131.0000
359.0000 529.5000
156.0000 171.8750
800.9999 638.5000
35.0000 53.5000
75.0000 75.3750
648.9998 505.0000
87.0000 99.4375
458.0000 542.0000
838.9999 682.5000
96.0000 103.0000
276.0001 391.5000
40.0000 46.4375
275.0000 324.5000
1142.0002 937.0000
162.0000 248.5000
34.9000 37.1250
150.0000 164.6250
45.1000 39.3438
89.0000 111.4375
65.7000 81.9375
439.0000 420.2500
147.0000 185.1250
89.3000 101.8125
983.0000 770.5000
304.0000 332.2500
315.0000 318.2500
74.2000 89.3750
302.0000 310.7500
712.9999 654.0000
758.0001 690.5000
11.8000 10.3984
0.1970 0.1995
104.0000 134.1250
937.0001 860.0000
79.4000 94.8125
41.4000 59.1875
16.4900 19.5156
19.0000 16.5938
368.2000 357.7500
72.2000 83.8750
230.0000 254.3750
1015.3001 795.0000
13.1000 11.8203
53.2000 54.4688
136.0000 133.6250
903.0001 659.0000
22.6000 21.8906
9.2000 18.6562
0.9560 1.2666
108.0000 136.2500
102.0000 119.1875
46.1000 57.1250
63.0000 109.3125
128.0000 119.6875
890.0001 782.5000
89.9000 92.2500
289.0000 285.0000
3.7200 5.7148
413.9999 384.0000
35.1000 48.5312
909.0000 735.0000
93.9000 79.3750
59.0000 75.3750
959.9999 811.0000
21.0000 21.2344
130.0000 220.0000
576.0001 542.0000
322.0000 276.2500
48.0000 48.9062
18.3800 6.3750
63.0000 65.3750
611.0000 614.0000
216.0000 230.6250
23.9000 28.4531
80.0000 124.0000
346.4000 353.7500
106.7000 119.1875
31.2000 39.6562
32.0000 24.0938
176.0000 214.1250
114.0000 101.0000
1.5780 2.6797
37.1000 55.5625
70.5000 59.4375
13.1000 13.8984
290.0000 276.2500
12.4300 15.3906
1008.0001 701.5000
5.5600 7.1172
681.0000 672.0000
938.0002 779.5000
0.4460 0.4583
830.0002 735.0000
1031.9998 849.5000
928.0001 726.5000
100.0000 86.2500
430.0001 456.2500
310.0000 300.0000
320.9999 322.0000
336.9999 330.7500
612.0001 342.7500
660.0001 614.0000
819.6000 699.0000
36.0000 31.5312
21.1000 25.9688
85.9000 95.9375
1001.0001 811.0000
129.1000 158.2500
134.0000 152.1250
41.0000 48.8125
563.7000 583.5000
108.0000 116.8750
342.0000 359.2500
454.0000 552.5000
753.0001 820.5000
124.5000 168.5000
198.0000 237.1250
49.3000 61.1250
1065.0001 887.0000
191.0000 245.6250
311.0001 290.7500
299.0000 278.5000
295.0000 430.2500
943.0001 761.5000
1059.0002 804.5000
130.0000 162.6250
508.0000 467.0000
639.0000 561.5000
198.0000 201.1250
745.0000 776.5000
26.6400 29.0312
131.0000 137.3750
7.4900 9.3203
530.0001 461.5000
153.0000 157.6250
220.0000 159.5000
552.0001 546.0000
1055.0001 849.5000
110.0000 169.8750
0.6200 1.7451
60.0000 85.2500
919.9999 786.0000
190.0000 221.7500
107.1000 116.8750
557.0000 672.0000
146.6000 141.7500
127.0000 142.2500
219.0000 188.8750
90.5000 108.4375
930.0001 883.5000
0.7880 1.9102
509.0000 405.5000
470.0000 507.0000
200.0000 174.5000
157.7000 207.5000
869.9999 804.5000
7.4900 9.4844
620.9999 447.2500
0.3930 0.8867
930.0001 836.5000
157.0000 179.3750
56.0000 82.8750
963.0001 866.5000
614.0000 544.0000
11.0000 29.3906
971.0001 710.0000
299.0000 245.6250
8.5000 9.6875
408.0001 405.5000
166.0000 153.8750
336.4000 365.0000
459.0000 548.5000
59.4000 72.7500
587.0001 619.0000
24.2000 30.1094
40.0000 58.2812
786.9999 724.0000
83.1000 94.4375
203.9000 210.0000
1048.9999 641.0000
40.2000 50.6875
547.9999 487.5000
1018.0001 710.0000
441.0001 375.0000
135.0000 150.8750
520.0001 505.0000
967.9999 624.0000
172.3000 187.3750
10.0000 8.6172
943.0001 833.5000
271.0000 215.0000
210.0000 183.7500
390.0000 362.0000
152.4000 146.8750
0.3870 0.5161
1.6900 3.3691
145.1000 163.2500
339.6001 337.5000
697.9999 690.5000
31.0000 72.7500
370.0000 385.5000
2.3000 3.6875
106.0000 126.4375
496.0000 535.5000
124.0000 151.5000
589.9999 546.0000
359.0000 353.7500
655.0000 579.0000
190.0000 191.0000
802.9998 638.5000
5.1100 6.3047
199.5000 223.5000
259.0001 214.1250
560.0001 540.0000
230.0000 227.1250
125.1000 136.2500
43.9000 82.8750
1000.0001 738.0000
125.7000 146.8750
40.4000 51.0938
3.5600 5.9414
50.0000 27.8281
270.0000 285.0000
262.0000 334.7500
15.1000 9.6250
496.0000 602.5000
334.9999 304.7500
6.5900 10.7812
138.0000 100.6250
637.9998 612.0000
525.0000 563.5000
470.0000 472.5000
14.5000 24.0000
519.0001 503.0000
122.0000 117.8125
472.9999 472.5000
249.0000 337.5000
6.3100 8.2109
909.9999 755.5000
43.0000 54.6875
324.9999 317.0000
47.0000 51.9062
55.0000 42.2812
788.9999 693.5000
663.7000 604.5000
303.0000 293.0000
355.0000 338.7500
33.1000 47.0000
483.0001 554.5000
18.1000 22.2031
28.6000 19.1719
386.9999 426.7500
346.0000 333.5000
131.9000 160.7500
709.9999 767.5000
840.0002 758.5000
315.0000 348.2500
50.0000 109.3125
56.5000 69.1250
372.1000 388.5000
19.0000 27.6562
611.0000 503.0000
1091.0000 926.0000
306.9000 276.2500
240.0000 378.0000
113.6700 99.4375
740.0001 792.0000
417.0000 357.7500
190.4000 220.0000
86.0000 101.3750
809.9999 680.0000
22.6000 33.4375
1040.0000 830.0000
280.0000 288.5000
174.5000 188.8750
75.0000 71.8750
300.0000 373.5000
541.9999 527.0000
512.0000 542.0000
31.8000 33.5625
304.0000 327.0000
796.0001 696.0000
43.2000 59.9062
10.2000 16.7188
384.0000 375.0000
827.9999 870.0000
0.8430 0.8574
749.0001 735.0000
18.7000 25.0469
623.0001 685.5000
422.0001 515.0000
49.5000 43.9062
967.9999 750.0000
381.9999 271.0000
5.3000 11.3516
16.0000 19.0469
233.3000 341.5000
17.9700 20.4219
491.0000 568.0000
382.4999 373.5000
639.9999 636.0000
137.0000 142.8750
36.7000 66.6875
42.3000 53.2812
164.0000 144.0000
96.1000 95.9375
380.0001 255.3750
907.9999 752.5000
380.0001 472.5000
42.0000 33.1562
381.0001 408.7500
23.8000 34.6562
135.0000 108.4375
56.0000 71.0625
769.9000 712.5000
654.0001 732.5000
520.0001 468.7500
160.2000 191.0000
441.0001 370.7500
384.0000 327.0000
2.6000 3.3691
206.0000 197.1250
525.9999 445.5000
78.4000 92.2500
259.0001 227.1250
720.0002 614.0000
545.0000 499.0000
725.9999 715.5000
162.0000 155.7500
342.0000 309.5000
415.0001 418.5000
415.0001 198.7500
1057.0000 856.5000
81.9000 83.2500
584.0001 614.0000
79.2000 80.6250
102.0000 149.1250
7.6900 8.2109
80.2000 108.4375
112.0000 127.4375
1059.0002 840.0000
47.0000 125.4375
145.1000 115.0625
686.0000 693.5000
327.0000 363.5000
360.0000 459.7500
479.9999 572.5000
410.0000 287.2500
489.9999 525.0000
1044.0000 849.5000
1.3820 3.1699
298.0001 313.2500
346.0000 346.7500
143.0000 137.3750
219.0000 215.7500
2.3000 2.7812
159.7000 173.2500
580.0001 527.0000
54.5000 3.5430
329.0000 378.0000
240.0000 302.2500
59.0000 72.7500
191.0000 196.3750
119.0000 128.5000
400.0000 433.5000
692.9999 704.5000
520.0001 480.0000
602.9999 633.5000
88.5000 85.5625
644.9999 690.5000
101.7000 95.5625
584.9999 588.5000
193.7000 256.5000
3.6200 4.6445
0.0045 -0.3003
677.0001 672.0000
115.7000 111.0000
62.0000 72.1875
381.0001 363.5000
9.0000 4.6094
749.9999 779.5000
113.0000 129.5000
799.0001 929.5000
380.0001 327.0000
29.8000 57.5625
21.6000 35.0312
620.9999 505.0000
720.0002 651.5000
330.0000 372.0000
351.0000 352.2500
0.0170 2.2227
275.0000 287.2500
13.7200 10.6016
820.0000 735.0000
236.0000 255.3750
772.0000 846.5000
558.0000 515.0000
333.9999 295.2500
200.0000 277.2500
832.0001 682.5000
150.0000 238.0000
960.9998 764.5000
224.0000 191.8750
237.9999 136.2500
12.0000 7.5391
51.8000 56.9062
530.0001 583.5000
98.5000 65.6250
764.0001 643.5000
1.6570 4.3008
533.0001 495.2500
3.5000 5.2227
785.9999 672.0000
601.9999 602.5000
529.0001 624.0000
411.0000 418.5000
967.9999 770.5000
15.2700 17.5781
82.0000 111.0000
257.2000 301.2500
591.0001 540.0000
420.0001 517.0000
712.9999 499.0000
164.9000 175.2500
15.6000 28.1094
612.0001 688.0000
882.0000 820.5000
11.1600 14.4922
279.0000 263.5000
155.7000 183.0000
158.2000 233.3750
660.9999 795.0000
160.0000 235.2500
308.0000 372.0000
925.0002 880.0000
584.9999 540.0000
815.9998 732.5000
133.0000 108.0000
483.0001 458.0000
294.0000 324.5000
541.0001 579.0000
525.0000 493.2500
33.2000 45.0625
22.0000 32.2500
3.0000 23.7031
23.0000 19.1250
208.4000 237.1250
317.0001 402.5000
6.6000 8.3750
7.6500 7.8945
378.0000 317.0000
93.0000 101.8125
530.0001 661.5000
0.0380 0.3071
155.0000 162.6250
536.9999 495.2500
67.0000 87.9375
82.1000 121.0625
6.4900 6.9102
314.0000 275.2500
56.0000 157.0000
430.0001 531.5000
525.9999 602.5000
62.0000 80.9375
381.9999 430.2500
18.2000 23.2344
1110.0000 849.5000
925.9999 732.5000
80.0000 115.9375
45.0000 65.1250
439.0000 416.7500
217.0000 220.8750
1120.0000 814.0000
97.5000 107.5625
62.8000 66.4375
140.0000 181.5000
917.0001 568.0000
575.0000 619.0000
752.0001 710.0000
207.1000 227.1250
436.9999 404.0000
6.9100 10.2891
131.0000 144.0000
25.5000 102.1875
410.0000 304.7500
223.0000 201.1250
0.0895 0.2769
171.0000 158.8750
160.0000 120.1250
649.9999 779.5000
763.0001 680.0000
535.9999 437.0000
1089.0002 755.5000
159.4000 197.1250
240.0000 191.8750
14.8000 24.1406
540.0001 523.0000
663.9999 672.0000
350.0001 338.7500
964.9999 833.5000
710.3000 651.5000
380.0001 425.0000
1.0890 1.1631
921.0000 773.5000
93.0000 97.5000
56.9000 80.3125
350.0001 415.2500
295.0000 197.8750
74.0000 86.2500
477.9999 413.5000
357.0001 323.2500
62.9000 74.5000
911.0000 729.5000
27.8000 50.2812
74.0000 84.2500
51.8000 55.3438
730.9999 540.0000
288.5999 295.2500
400.0000 360.7500
946.9999 782.5000
911.9999 782.5000
159.0000 154.5000
547.9999 489.5000
572.0001 636.0000
1.6850 2.6230
352.0000 334.7500
637.9998 729.5000
3.9400 5.2227
620.0001 624.0000
255.0000 416.7500
24.0000 45.2500
611.0000 894.0000
95.0000 98.2500
397.9999 410.5000
687.9999 752.5000
104.9000 100.6250
79.0000 90.4375
247.0000 330.7500
439.7999 463.2500
491.0000 474.2500
620.9999 535.5000
373.5001 445.5000
193.0000 276.2500
111.1000 130.5000
401.0001 373.5000
485.0001 531.5000
342.9999 338.7500
48.0000 54.9062
187.0000 196.3750
800.0001 741.0000
538.0001 604.5000
691.0001 609.5000
230.0000 297.7500
619.0000 540.0000
12.1000 19.9688
596.0001 795.0000
485.0001 458.0000
13.2000 13.1562
469.0001 415.2500
711.0001 712.5000
1090.0002 811.0000
485.0001 515.0000
1.7000 2.4707
411.0000 367.7500
140.0000 175.8750
216.0000 284.0000
148.0000 142.8750
827.0001 870.0000
481.9999 375.0000
62.0000 73.9375
907.9999 744.0000
91.8000 105.0625
938.0002 750.0000
2.2210 5.2344
320.9999 300.0000
128.2000 105.0625
1033.0002 814.0000
177.0000 173.2500
33.0000 62.3438
1055.0001 798.0000
154.0000 213.2500
491.0000 431.7500
913.0000 776.5000
294.0000 646.0000
817.0001 776.5000
8.9900 20.2969
357.9999 314.5000
620.0001 624.0000
0.4010 0.2327
21.0000 20.0469
389.0001 365.0000
1.3350 2.4707
435.0001 341.5000
154.1000 153.3750
293.0000 452.5000
0.5830 1.0479
60.1000 70.7500
132.9000 121.5625
183.0000 165.2500
867.0002 767.5000
143.0000 173.2500
96.8000 137.8750
1062.9998 901.0000
974.9998 693.5000
9.2500 11.8438
83.0000 93.0000
440.0001 507.0000
821.0001 664.0000
11.8000 11.1328
2.3900 3.8457
88.7000 110.5625
389.0001 337.5000
768.0001 729.5000
330.9999 332.2500
435.0001 369.2500
87.3000 94.0625
39.0000 36.6562
876.9999 741.0000
56.8000 68.8125
228.0000 336.0000
29.5000 84.5625
18.4800 22.4844
581.2001 546.0000
210.0000 287.2500
122.9000 133.6250
123.0000 134.1250
15.6000 20.6406
360.9999 307.0000
141.4000 119.1875
495.0000 487.5000
502.0000 531.5000
840.0002 690.5000
0.0009 4.6992
129.0000 131.5000
353.0000 303.5000
37.8000 55.3438
525.9999 688.0000
87.5000 85.2500
359.0000 421.7500
346.0000 353.7500
216.0000 201.8750
458.0000 476.2500
153.0000 248.5000
371.0000 378.0000
772.0000 537.5000
1.9170 5.5859
967.0001 744.0000
378.0000 384.0000
207.0000 236.1250
204.0000 262.5000
41.5000 54.9062
485.9999 517.0000
3.4000 5.4961
357.9999 443.7500
195.0000 185.8750
619.0000 641.0000
957.9999 726.5000
55.0000 49.0000
556.1000 529.5000
37.0000 56.2188
395.0000 390.0000
74.4000 82.5625
720.0002 593.0000
616.9999 351.0000
0.0727 0.7583
2.2000 4.4609
270.0000 249.5000
336.9999 431.7500
