1.4945 1.4971
1.4888 1.4922
1.4449 1.4434
1.5010 1.5010
1.4270 1.4238
1.4209 1.4199
1.4795 1.4775
1.4330 1.4307
1.4202 1.4189
1.4743 1.4688
1.4668 1.4697
1.4327 1.4297
1.3830 1.3760
1.5059 1.5107
1.4237 1.4180
1.4170 1.4131
1.4863 1.4883
1.5241 1.5312
1.4103 1.4092
1.4253 1.4229
1.4366 1.4346
1.4976 1.5029
1.4609 1.4541
1.4774 1.4775
1.4380 1.4355
1.4180 1.4180
1.4366 1.4326
1.5032 1.5059
1.4511 1.4482
1.4726 1.4727
1.5290 1.5283
1.4340 1.4326
1.4432 1.4414
1.4507 1.4502
1.4393 1.4404
1.5073 1.5127
1.4254 1.4248
1.4597 1.4580
1.4442 1.4434
1.4233 1.4209
1.4279 1.4287
1.5316 1.5410
1.4111 1.4092
1.4183 1.4141
1.4209 1.4238
1.4418 1.4404
1.4376 1.4326
1.4150 1.4131
1.4914 1.4873
1.4862 1.4893
1.4813 1.4844
1.4388 1.4375
1.5130 1.5205
1.4762 1.4775
1.4592 1.4570
1.4441 1.4434
1.4765 1.4775
1.4753 1.4746
1.4576 1.4580
1.4177 1.4131
1.4381 1.4355
1.4830 1.4844
1.4446 1.4463
1.4217 1.4199
1.4860 1.4873
1.4401 1.4395
1.4776 1.4766
1.4889 1.4922
1.4776 1.4775
1.4997 1.4990
1.4220 1.4189
1.4065 1.4033
1.4294 1.4307
1.4965 1.4990
1.4230 1.4209
1.4712 1.4678
1.4333 1.4307
1.4259 1.4199
1.4751 1.4736
1.4238 1.4209
1.4251 1.4229
1.4311 1.4316
1.4155 1.4131
1.4635 1.4580
1.4340 1.4355
1.4780 1.4775
1.4995 1.5020
1.4538 1.4512
1.4770 1.4775
1.4966 1.4932
1.4824 1.4814
1.4170 1.4170
1.4753 1.4746
1.4861 1.4893
1.5186 1.5254
1.4689 1.4678
1.4763 1.4766
1.4090 1.4062
1.4267 1.4268
1.4185 1.4150
1.4814 1.4834
1.5124 1.5156
1.5118 1.5312
1.4199 1.4170
1.4650 1.4619
1.4420 1.4395
1.4234 1.4229
1.4264 1.4248
1.4206 1.4180
1.5129 1.5156
1.4750 1.4746
1.4774 1.4746
1.4424 1.4424
1.4331 1.4268
1.5053 1.5107
1.4385 1.4395
1.4163 1.4141
1.5103 1.5166
1.4660 1.4619
1.4221 1.4199
1.4449 1.4453
1.4031 1.4014
1.4253 1.4238
1.4138 1.4121
1.4851 1.4873
1.4051 1.4023
1.4918 1.4941
1.5080 1.5117
1.4561 1.4531
1.4586 1.4541
1.5280 1.5264
1.5072 1.5059
1.4274 1.4287
1.4601 1.4580
1.5237 1.5254
1.4408 1.4404
1.4578 1.4561
1.4638 1.4639
1.4792 1.4775
1.4685 1.4678
1.4446 1.4434
1.4226 1.4248
1.4754 1.4746
1.4612 1.4619
1.4129 1.4141
1.4300 1.4307
1.4161 1.4150
1.5137 1.5117
1.4176 1.4199
1.4338 1.4355
1.4285 1.4307
1.4446 1.4434
1.4279 1.4268
1.4260 1.4268
1.4335 1.4453
1.5105 1.5059
1.4493 1.4521
1.4193 1.4229
1.5280 1.5176
1.3666 1.3711
1.4895 1.4873
1.4777 1.4795
1.4603 1.4580
1.4389 1.4365
1.4185 1.4199
1.4451 1.4453
1.5223 1.5215
1.5130 1.5127
1.4949 1.4941
1.4545 1.4531
1.5210 1.5117
1.4330 1.4316
1.5174 1.5176
1.4197 1.4199
1.4325 1.4316
1.4843 1.4834
1.4839 1.4834
1.4339 1.4326
1.4489 1.4502
1.5077 1.5029
1.4437 1.4434
1.4676 1.4678
1.4290 1.4297
1.4228 1.4229
1.5289 1.5312
1.5087 1.5088
1.4431 1.4434
1.4125 1.4170
1.4220 1.4229
1.4576 1.4561
1.4323 1.4316
1.5402 1.5449
1.4959 1.4961
1.4717 1.4717
1.4247 1.4258
1.5011 1.4990
1.5254 1.5273
1.4246 1.4258
1.5240 1.5234
1.4520 1.4502
1.4690 1.4668
1.4742 1.4697
1.4302 1.4307
1.4955 1.4961
1.4895 1.4883
1.5040 1.5029
1.4748 1.4717
1.5025 1.5020
1.4243 1.4248
1.4683 1.4678
1.4314 1.4326
1.4815 1.4814
1.4347 1.4326
1.4267 1.4268
1.4482 1.4463
1.3936 1.3965
1.4150 1.4189
1.5104 1.5088
1.5413 1.5371
1.4103 1.4141
1.4582 1.4570
1.4661 1.4639
1.4835 1.4961
1.5251 1.5234
1.4173 1.4180
1.4180 1.4199
1.4685 1.4678
1.5136 1.5156
1.4387 1.4365
1.5060 1.5059
1.4789 1.4785
1.5114 1.5088
1.4053 1.4043
1.4301 1.4316
1.4705 1.4697
1.4383 1.4395
1.4460 1.4453
1.4186 1.4199
1.4673 1.4629
1.5287 1.5273
1.4710 1.4717
1.4711 1.4697
1.4618 1.4580
1.3837 1.3838
1.4764 1.4775
1.4179 1.4199
1.4341 1.4346
1.4920 1.4873
1.5429 1.5459
1.5083 1.5127
1.4160 1.4189
1.4884 1.4873
1.4295 1.4307
1.5110 1.5088
1.4141 1.4189
1.4244 1.4258
1.4721 1.4727
1.4897 1.5156
1.5049 1.5059
1.4176 1.4209
1.4820 1.4785
1.5303 1.5352
1.4615 1.4590
1.5120 1.5068
1.4333 1.4316
1.4341 1.4326
1.4389 1.4375
1.4376 1.4355
1.4767 1.4814
1.5392 1.5420
1.4559 1.4531
1.5365 1.5371
1.4774 1.4746
1.4151 1.4141
1.4147 1.4131
1.4249 1.4258
1.4176 1.4199
1.4815 1.4814
1.5012 1.5010
1.4569 1.4561
1.3709 1.3730
1.4540 1.4531
1.4863 1.4873
1.4517 1.4502
1.4311 1.4297
1.4301 1.4316
1.4459 1.4453
1.4760 1.4678
1.4426 1.4414
1.4358 1.4365
1.4166 1.4180
1.5121 1.5117
1.5168 1.5166
1.4498 1.4482
1.5003 1.4971
1.4081 1.4102
1.4112 1.4131
1.4180 1.4209
1.4158 1.4141
1.4009 1.4023
1.4650 1.4619
1.4345 1.4346
1.4190 1.4199
1.4768 1.4688
1.4745 1.4746
1.5024 1.5029
1.4507 1.4521
1.4173 1.4189
1.4936 1.4883
1.4176 1.4170
1.4188 1.4199
1.4225 1.4238
1.5001 1.5029
1.4185 1.4199
1.4496 1.4473
1.4331 1.4316
1.3778 1.3770
1.4347 1.4326
1.5288 1.5342
1.4896 1.4893
1.4494 1.4482
1.4527 1.4502
1.4107 1.4121
1.4307 1.4316
1.4617 1.4619
1.4199 1.4209
1.4304 1.4404
1.4504 1.4482
1.4057 1.4072
1.4244 1.4238
1.4848 1.4834
1.4976 1.4961
1.4147 1.4170
1.4316 1.4326
1.4224 1.4229
1.4801 1.4795
1.4350 1.4355
1.4126 1.4141
1.4660 1.4639
1.4220 1.4238
1.4392 1.4395
1.4725 1.4775
1.4761 1.4785
1.4941 1.4961
1.4379 1.4365
1.4326 1.4326
1.5108 1.5127
1.4468 1.4463
1.4311 1.4316
1.4233 1.4238
1.4210 1.4199
1.4142 1.4141
1.4738 1.4736
1.4865 1.4912
1.4573 1.4580
1.4232 1.4248
1.5062 1.5068
1.3860 1.3887
1.5020 1.5039
1.4418 1.4414
1.4736 1.4736
1.4645 1.4639
1.5160 1.5176
1.4296 1.4287
1.5090 1.5078
1.4173 1.4189
1.5007 1.5010
1.4518 1.4531
1.5092 1.5088
1.4220 1.4209
1.4170 1.4189
1.4781 1.4775
1.4229 1.4229
1.4249 1.4258
1.4839 1.4844
1.5126 1.5156
1.4701 1.4746
1.5071 1.5068
1.4726 1.4717
1.4676 1.4502
1.4164 1.4180
1.4423 1.4414
1.4206 1.4209
1.5174 1.5176
1.4267 1.4258
1.5042 1.5068
1.5130 1.5166
1.4589 1.4590
1.5008 1.5127
1.4632 1.4590
1.4794 1.4785
1.4329 1.4326
1.4497 1.4473
1.5060 1.4990
1.4231 1.4238
1.4335 1.4326
1.4740 1.4727
1.5426 1.5010
1.5289 1.5322
1.4822 1.4824
1.4872 1.4883
1.4561 1.4561
1.4732 1.4746
1.4831 1.4824
1.4736 1.4688
1.5076 1.5088
1.4093 1.4102
1.4794 1.4795
1.4938 1.4912
1.5057 1.5059
1.4792 1.4775
1.5132 1.5137
1.4283 1.4297
1.4282 1.4297
1.4192 1.4209
1.4000 1.4023
1.4654 1.4678
1.4212 1.4229
1.4329 1.4307
1.4448 1.4434
1.4440 1.4424
1.4566 1.4580
1.3803 1.3779
1.4484 1.4473
1.4775 1.4775
1.4638 1.4639
1.4972 1.4980
1.4494 1.4482
1.4214 1.4238
1.4719 1.4639
1.4235 1.4238
1.4751 1.4736
1.4085 1.4121
1.4169 1.4189
1.4434 1.4404
1.4959 1.4932
1.5053 1.5059
1.5058 1.5059
1.5329 1.5322
1.4045 1.4062
1.4161 1.4180
1.4414 1.4434
1.4196 1.4209
1.4242 1.4229
1.4312 1.4307
1.4977 1.4990
1.4940 1.4941
1.4975 1.4990
1.4139 1.4170
1.5315 1.5371
1.4087 1.4121
1.4760 1.4785
1.4957 1.4971
1.4343 1.4316
1.4816 1.4814
1.4396 1.4346
1.4223 1.4238
1.4505 1.4473
1.4984 1.4990
1.4700 1.4678
1.4107 1.4131
1.4485 1.4463
1.4036 1.4062
1.4525 1.4502
1.4787 1.4775
1.4923 1.4941
1.5272 1.5303
1.4240 1.4258
1.4142 1.4150
1.4575 1.4580
1.5362 1.5400
1.4966 1.4971
1.4665 1.4668
1.4430 1.4434
1.4270 1.4268
1.4440 1.4434
1.4312 1.4307
1.4871 1.4883
1.5132 1.5127
1.4636 1.4639
1.5161 1.5186
1.4149 1.4170
1.4484 1.4473
1.4087 1.4102
1.5000 1.5020
1.4708 1.4717
1.4140 1.4141
1.4538 1.4521
1.4393 1.4404
1.4802 1.4727
1.4534 1.4541
1.4573 1.4570
1.4548 1.4531
1.4195 1.4209
1.4080 1.4121
1.5180 1.5205
1.4320 1.4307
1.4702 1.4697
1.4193 1.4209
1.4486 1.4473
1.5285 1.5283
1.4248 1.4238
1.4518 1.4482
1.4033 1.4043
1.4197 1.4189
1.4636 1.4619
1.5345 1.5361
1.5410 1.5391
1.4851 1.4785
1.4550 1.4561
1.4604 1.4561
1.5250 1.5254
1.4392 1.4395
1.4240 1.4355
1.5141 1.5176
1.4976 1.4980
1.4422 1.4424
1.4346 1.4346
1.4510 1.4502
1.4902 1.4922
1.4929 1.4893
1.4377 1.4395
1.4153 1.4170
1.4420 1.4453
1.4780 1.4727
1.5215 1.5225
1.4698 1.4658
1.5000 1.5039
1.4294 1.4287
1.4181 1.4189
1.4028 1.4033
1.4182 1.4189
1.4837 1.4766
1.4390 1.4346
1.4135 1.4170
1.5092 1.5117
1.4285 1.4297
1.4204 1.4199
1.4324 1.4326
1.4092 1.4102
1.4258 1.4268
1.4435 1.4414
1.4216 1.4258
1.4305 1.4316
1.4850 1.4883
1.4279 1.4268
1.4797 1.4814
1.4162 1.4189
1.4677 1.4668
1.4161 1.4199
1.4136 1.4150
1.4011 1.4033
1.4659 1.4668
1.4428 1.4424
1.4163 1.4189
1.4868 1.4873
1.5272 1.5273
1.4222 1.4238
1.4281 1.4287
1.4371 1.4375
1.4252 1.4258
1.4363 1.4365
1.4528 1.4531
1.5181 1.5205
1.4228 1.4238
1.5108 1.5078
1.4668 1.4668
1.4907 1.4912
1.5026 1.5020
1.5045 1.5137
1.4853 1.4775
1.5095 1.5107
1.5138 1.5156
1.5077 1.5166
1.4433 1.4453
1.4234 1.4258
1.4445 1.4463
1.4472 1.4463
1.5353 1.5361
1.4584 1.4561
1.4345 1.4463
1.4777 1.4775
1.5192 1.5264
1.4160 1.4180
1.4800 1.4736
1.4639 1.4609
1.4660 1.4668
1.4175 1.4189
1.4685 1.4688
1.4498 1.4512
1.4910 1.5166
1.4257 1.4268
1.4526 1.4512
1.4105 1.4121
1.4541 1.4512
1.3576 1.3594
1.4834 1.4824
1.5144 1.5137
1.5092 1.5176
1.4149 1.4180
1.4905 1.4922
1.4146 1.4170
1.4250 1.4258
1.5175 1.5156
1.4914 1.4941
1.5382 1.5410
1.4315 1.4307
1.4030 1.4043
1.4915 1.4932
1.3788 1.3838
1.4959 1.4961
1.4231 1.4248
1.4827 1.4834
1.4654 1.4639
1.5139 1.5166
1.4217 1.4229
1.4363 1.4365
1.4341 1.4375
1.4594 1.4531
1.4736 1.4658
1.4577 1.4531
1.4615 1.4590
1.4673 1.4639
1.4339 1.4316
1.4319 1.4326
1.4725 1.4727
1.4393 1.4365
1.4525 1.4531
1.4185 1.4199
1.4619 1.4609
1.4338 1.4326
1.4274 1.4287
1.4602 1.4590
1.4850 1.4834
1.4276 1.4268
1.5077 1.5078
1.5236 1.5254
1.4190 1.4209
1.4391 1.4346
1.4998 1.5010
1.4164 1.4150
1.4666 1.4658
1.5018 1.5059
1.5081 1.5127
1.4809 1.4795
1.4072 1.4072
1.5047 1.5127
1.4355 1.4316
1.4750 1.4814
1.4235 1.4199
1.5374 1.5469
1.4305 1.4287
1.4381 1.4395
1.4396 1.4375
1.4346 1.4326
1.4341 1.4326
1.4250 1.4238
1.4677 1.4727
1.4833 1.4824
1.4720 1.4727
1.4847 1.4873
1.4583 1.4590
1.4985 1.5020
1.5005 1.5068
1.4284 1.4268
1.4446 1.4434
1.4434 1.4424
1.4235 1.4229
1.4250 1.4238
1.5009 1.5039
1.4327 1.4307
1.4284 1.4297
1.4960 1.4990
1.5010 1.5068
1.4783 1.4785
1.5012 1.5078
1.4276 1.4248
1.4595 1.4590
1.4693 1.4629
1.4373 1.4365
1.4686 1.4678
1.4123 1.4102
1.4673 1.4678
1.5023 1.5039
1.4303 1.4297
1.4256 1.4229
1.4610 1.4580
1.5042 1.5068
1.4479 1.4502
1.4292 1.4268
1.4732 1.4766
1.4789 1.4785
1.4907 1.4883
1.4851 1.4863
1.5029 1.5029
1.4295 1.4297
1.4105 1.4082
1.4761 1.4785
1.4101 1.4092
1.4217 1.4229
1.4793 1.4785
1.4670 1.4678
1.4594 1.4609
1.4837 1.4873
1.4743 1.4717
1.4455 1.4453
1.4582 1.4561
1.5370 1.5439
1.5061 1.5068
1.4676 1.4658
1.4348 1.4316
1.5060 1.4795
1.4261 1.4229
1.4681 1.4717
1.4849 1.4883
1.5288 1.5352
1.4721 1.4775
1.5080 1.5137
1.4302 1.4297
1.4691 1.4697
1.4385 1.4365
1.4406 1.4355
1.3678 1.3643
1.4224 1.4209
1.4234 1.4229
1.5059 1.5068
1.4536 1.4531
1.4256 1.4238
1.4451 1.4424
1.4275 1.4258
1.4325 1.4307
1.4301 1.4258
1.4624 1.4541
1.5059 1.5107
1.4280 1.4258
1.4550 1.4521
1.4864 1.4883
1.5158 1.5176
1.4211 1.4238
1.4076 1.4062
1.4028 1.4004
1.4051 1.4082
1.4955 1.4971
1.4420 1.4414
1.4015 1.3965
1.5044 1.5078
1.5016 1.5039
1.4442 1.4424
1.4545 1.4561
1.5154 1.5205
1.4205 1.4189
1.4244 1.4199
1.4376 1.4355
1.4265 1.4238
1.4258 1.4258
1.4381 1.4365
1.4685 1.4678
1.5122 1.5176
1.4264 1.4258
1.4392 1.4404
1.4538 1.4541
1.5259 1.5361
1.4270 1.4268
1.4348 1.4316
1.5067 1.5088
1.5041 1.5068
1.4656 1.4473
1.4476 1.4424
1.5238 1.5273
1.4360 1.4355
1.5061 1.5225
1.4207 1.4209
1.5126 1.5137
1.4193 1.4209
1.4209 1.4209
1.4741 1.4736
1.4477 1.4463
1.4203 1.4209
1.5014 1.5020
1.5086 1.5117
1.4212 1.4229
1.4946 1.4971
1.4922 1.5186
1.4791 1.4785
1.4789 1.4775
1.4253 1.4268
1.4563 1.4570
1.4428 1.4424
1.5053 1.5088
1.4464 1.4463
1.4996 1.5020
1.4778 1.4736
1.4253 1.4268
1.3906 1.3916
1.4376 1.4375
1.4386 1.4375
1.5063 1.5186
1.4360 1.4346
1.4230 1.4248
1.4315 1.4297
1.5209 1.5215
1.4690 1.4688
1.4051 1.4062
1.4120 1.4131
1.4769 1.4766
1.4498 1.4482
1.4771 1.4785
1.4365 1.4375
1.4285 1.4297
1.4296 1.4307
1.4241 1.4287
1.5051 1.5059
1.4200 1.4189
1.4166 1.4189
1.4155 1.4131
1.5033 1.5068
1.4370 1.4355
1.4224 1.4229
1.4116 1.4131
1.4439 1.4424
1.4267 1.4297
1.4072 1.4102
1.5029 1.5029
1.5007 1.5020
1.5312 1.5322
1.4403 1.4424
1.4869 1.4834
1.5140 1.5117
1.4607 1.4590
1.4249 1.4248
1.4224 1.4238
1.4604 1.4580
1.5233 1.5254
1.5409 1.5420
1.4379 1.4404
1.4218 1.4209
1.5089 1.5088
1.4740 1.4736
1.4585 1.4590
1.4432 1.4414
1.4724 1.4727
1.4149 1.4170
1.4758 1.4746
1.4934 1.4922
1.4257 1.4258
1.5306 1.5371
1.4132 1.4131
1.4800 1.4795
1.4433 1.4424
1.5024 1.5059
1.4330 1.4346
1.4282 1.4297
1.4206 1.4209
1.4223 1.4229
1.4635 1.4619
1.4364 1.4395
1.3721 1.3711
1.5040 1.5059
1.4355 1.4395
1.4781 1.4785
1.4219 1.4209
1.4619 1.4580
1.4576 1.4541
1.4454 1.4453
1.4558 1.4561
1.4099 1.4062
1.4222 1.4209
1.5030 1.5029
1.4211 1.4209
1.4910 1.4863
1.4747 1.4746
1.4474 1.4463
1.4147 1.4150
1.5020 1.5020
1.4710 1.4736
1.4623 1.4619
1.4451 1.4434
1.5400 1.5371
1.5271 1.5342
1.4226 1.4248
1.5005 1.5010
1.4812 1.5020
1.4830 1.4834
1.4303 1.4297
1.4915 1.4980
1.4461 1.4434
1.4722 1.4717
1.4511 1.4502
1.4296 1.4297
1.4161 1.4170
1.4336 1.4346
1.4499 1.4482
1.4818 1.4795
1.4051 1.4121
1.4168 1.4199
1.4443 1.4434
1.5103 1.5117
1.4176 1.4199
1.4761 1.4746
1.4838 1.4775
1.4261 1.4258
1.4387 1.4395
1.4184 1.4189
1.4590 1.4580
1.5054 1.5078
1.4284 1.4258
1.4891 1.4893
1.4162 1.4180
1.4813 1.4834
1.4174 1.4170
1.4240 1.4238
1.5302 1.5322
1.4204 1.4229
1.4330 1.4307
1.4534 1.4512
1.4761 1.4766
1.4406 1.4395
1.4931 1.4922
1.4174 1.4180
1.4651 1.4668
1.5283 1.5342
1.4274 1.4258
1.4375 1.4395
1.5067 1.5078
1.4192 1.4209
1.4861 1.5010
1.5300 1.5312
1.4285 1.4268
1.4531 1.4521
1.4231 1.4238
1.4215 1.4229
1.5091 1.5088
1.4703 1.4697
1.4081 1.4082
1.5171 1.5176
1.5019 1.5029
1.4477 1.4473
1.4136 1.4141
1.4363 1.4365
1.4713 1.4727
1.4396 1.4404
1.4400 1.4863
1.4153 1.4170
1.4250 1.4238
1.5002 1.5029
1.4388 1.4395
1.4361 1.4365
1.4395 1.4365
1.5069 1.5117
1.4381 1.4355
1.4710 1.4678
1.4861 1.4873
1.4552 1.4561
1.4186 1.4189
1.4902 1.4922
1.5047 1.5029
1.4472 1.4482
1.4225 1.4229
1.5014 1.5029
1.4985 1.4990
1.4123 1.4131
1.4651 1.4668
1.4016 1.4023
1.4298 1.4287
1.4259 1.4258
1.4165 1.4170
1.5077 1.5088
1.4391 1.4395
1.4220 1.4238
1.4811 1.4766
1.4219 1.4229
1.4124 1.4131
1.4067 1.4062
1.4253 1.4238
1.4459 1.4453
1.5424 1.5449
1.5053 1.5117
1.4479 1.4463
1.5104 1.5117
1.4324 1.4297
1.4156 1.4170
1.4220 1.4209
1.4292 1.4287
1.4697 1.4658
1.4475 1.4453
1.4228 1.4238
1.4230 1.4238
1.4250 1.4287
1.5143 1.5176
1.5119 1.5127
1.4172 1.4180
1.4188 1.4189
1.5132 1.5176
1.4304 1.4316
1.4703 1.4717
1.4252 1.4238
1.4899 1.4912
1.5428 1.5459
1.4936 1.4971
1.4259 1.4248
1.5017 1.5059
1.4324 1.4346
1.4346 1.4316
1.4150 1.4150
1.4818 1.4824
1.4293 1.4268
1.4806 1.4844
1.4130 1.4141
1.4368 1.4346
1.4386 1.4355
1.4809 1.4785
1.5120 1.5254
1.3955 1.4629
1.4106 1.4121
1.4647 1.4639
1.4442 1.4453
1.4330 1.4316
1.4839 1.4834
1.5258 1.5283
1.4498 1.4482
1.5007 1.4912
1.4993 1.5020
1.4959 1.4980
1.4864 1.4863
1.4325 1.4316
1.4428 1.4365
1.4614 1.4609
1.4921 1.4922
1.5015 1.4990
1.4223 1.4229
1.4253 1.4248
1.4133 1.4131
1.4260 1.4268
1.5329 1.5352
1.5405 1.5439
1.4636 1.4658
1.5230 1.5254
1.4164 1.4189
1.4660 1.4639
1.4266 1.4268
1.4349 1.4355
1.4166 1.4189
1.4132 1.4150
1.5010 1.5029
1.4257 1.4248
1.4434 1.4414
1.4476 1.4482
1.5379 1.5449
1.3817 1.3857
1.4245 1.4248
1.4700 1.4688
1.4164 1.4180
1.4683 1.4639
1.4295 1.4307
1.4899 1.4932
1.4234 1.4229
1.4925 1.4873
1.4406 1.4395
1.4101 1.4092
1.4136 1.4150
1.4722 1.4727
1.4735 1.4727
1.4132 1.4170
1.5354 1.5361
1.4713 1.4727
1.4396 1.4395
1.4779 1.4824
1.4244 1.4248
1.4524 1.4512
1.5072 1.5029
1.4417 1.4395
1.4985 1.4990
1.4144 1.4150
1.4930 1.4932
1.4627 1.4629
1.4944 1.4922
1.4645 1.4619
1.4820 1.4834
1.4637 1.4639
1.4708 1.4717
1.4534 1.4512
1.4225 1.4238
1.4311 1.4297
1.4845 1.4834
1.4811 1.4785
1.4106 1.4170
1.4303 1.4316
1.4572 1.4580
1.4525 1.4541
1.4379 1.4346
1.5126 1.5166
1.5135 1.5107
1.4312 1.4307
1.4698 1.4629
1.4603 1.4570
1.4934 1.4893
1.4935 1.4980
1.5141 1.5137
1.4778 1.4775
1.4777 1.4766
1.4269 1.4268
1.4304 1.4297
1.4161 1.4180
1.5162 1.5205
1.4450 1.4521
1.5113 1.5137
1.4227 1.4229
1.4411 1.4395
1.4625 1.4609
1.4734 1.4727
1.5010 1.5010
1.4287 1.4287
1.4781 1.4775
1.4694 1.4688
1.5171 1.5215
1.3652 1.3672
1.5379 1.5420
1.4211 1.4238
1.4192 1.4189
1.4234 1.4229
1.4122 1.4131
1.5078 1.5068
1.4771 1.4980
1.5253 1.5264
1.4646 1.4619
1.4302 1.4297
1.4610 1.4580
1.4453 1.4434
1.5210 1.5234
1.4193 1.4199
1.4484 1.4473
1.4075 1.4072
1.4443 1.4453
1.4607 1.4590
1.4240 1.4238
1.4424 1.4424
1.4880 1.4893
1.4299 1.4297
1.4489 1.4463
1.4638 1.4668
1.5347 1.5400
1.4877 1.4893
1.4532 1.4512
1.4723 1.4736
1.4353 1.4346
1.4545 1.4512
1.4937 1.4941
1.4468 1.4453
1.4685 1.4746
1.4804 1.4785
1.4090 1.4102
1.4477 1.4463
1.5243 1.5234
1.5035 1.5029
1.4123 1.4131
1.4383 1.4395
1.4790 1.4785
1.4833 1.4844
1.5026 1.5039
1.4810 1.4824
1.5086 1.5088
1.4873 1.4941
1.4794 1.4785
1.5012 1.5020
1.4826 1.4580
1.4876 1.4844
1.3985 1.4004
1.4396 1.4375
1.5118 1.5078
1.4252 1.4258
1.4190 1.4150
1.5033 1.5029
1.5029 1.4971
1.5140 1.5176
1.3783 1.3760
1.4085 1.4102
1.4776 1.4775
1.4721 1.4717
1.4443 1.4424
1.4123 1.4150
1.5369 1.5400
1.4438 1.4434
1.4308 1.4307
1.4929 1.5010
1.4826 1.4834
1.5030 1.5039
1.5039 1.5039
1.4754 1.4746
1.4779 1.4785
1.4212 1.4209
1.4915 1.4922
1.4457 1.4473
1.4885 1.5137
1.4237 1.4248
1.4607 1.4629
1.4539 1.4521
1.4959 1.4980
1.4464 1.4463
1.3994 1.4004
1.4949 1.4941
1.4226 1.4229
1.4230 1.4238
1.4777 1.4785
1.4167 1.4141
1.4042 1.4014
1.4255 1.4258
1.4925 1.4961
1.4977 1.4980
1.4676 1.4678
1.4455 1.4463
1.4660 1.4658
1.4262 1.4268
1.4210 1.4209
1.4543 1.4570
1.4730 1.4766
1.4212 1.4199
1.4377 1.4395
1.4253 1.4248
1.4870 1.4883
1.5302 1.5352
1.4311 1.4307
1.5087 1.5078
1.4803 1.4727
1.4302 1.4307
1.4511 1.4561
1.4741 1.4814
1.4188 1.4199
1.4245 1.4258
1.5395 1.5449
1.4496 1.4502
1.4899 1.4883
1.4355 1.4326
1.4458 1.4453
1.5341 1.5361
1.4728 1.4688
1.4955 1.4980
1.3866 1.3838
1.4658 1.4639
1.4218 1.4229
1.4162 1.4170
1.4191 1.4189
1.4943 1.4922
1.5151 1.5186
1.4476 1.4473
1.4702 1.4502
1.4770 1.4736
1.4748 1.4736
1.4754 1.4717
1.4788 1.4775
1.5398 1.5400
1.4906 1.4883
1.4226 1.4229
1.4728 1.4668
1.4500 1.4512
1.4509 1.4502
1.4262 1.4258
1.4251 1.4238
1.4692 1.4717
1.4539 1.4541
1.4210 1.4238
1.4243 1.4248
1.4776 1.4775
1.4261 1.4268
1.4751 1.4736
1.4971 1.4990
1.5096 1.5107
1.4453 1.4473
1.4179 1.4189
1.4464 1.4463
1.5040 1.5068
1.4659 1.4639
1.4165 1.4189
1.4233 1.4248
1.3776 1.3730
1.5315 1.5107
1.4608 1.4590
1.4842 1.4863
1.4734 1.4736
1.4735 1.4717
1.4636 1.4688
1.4094 1.4072
1.5008 1.5029
1.4950 1.5137
1.4217 1.4199
1.4203 1.4189
1.4262 1.4258
1.4432 1.4414
1.4512 1.4502
1.4135 1.4082
1.4472 1.4453
1.4463 1.4424
1.4928 1.4961
1.4634 1.4639
1.4667 1.4639
1.4850 1.5010
1.4146 1.4131
1.4104 1.4062
1.4355 1.4326
1.4994 1.5059
1.4660 1.4658
1.4174 1.4141
1.4797 1.4795
1.4318 1.4307
1.4757 1.4766
1.4645 1.4619
1.4483 1.4463
1.4589 1.4639
1.4957 1.4971
1.4766 1.4766
1.4988 1.5029
1.4214 1.4199
1.5076 1.5117
1.4454 1.4453
1.4926 1.4941
1.4241 1.4238
1.4638 1.4639
1.4806 1.4785
1.4272 1.4248
1.4213 1.4189
1.4794 1.4814
1.4812 1.4824
1.4294 1.4287
1.5029 1.5068
1.4688 1.4688
1.5321 1.5391
1.4939 1.4990
1.4549 1.4521
1.4303 1.4287
1.4943 1.4824
1.4113 1.4092
1.4493 1.4482
1.4085 1.4062
1.4960 1.5020
1.4300 1.4287
1.4879 1.4893
1.4417 1.4414
1.4711 1.4717
1.4624 1.4590
1.4664 1.4629
1.4673 1.4668
1.5001 1.5029
1.4981 1.5020
1.4800 1.4814
1.4245 1.4238
1.4230 1.4209
1.4590 1.4590
1.4222 1.4229
1.4472 1.4453
1.4784 1.4775
1.5071 1.5107
1.5220 1.5264
1.4319 1.4297
1.4329 1.4326
1.4489 1.4463
1.4358 1.4316
1.5150 1.5176
1.4726 1.4697
1.3640 1.3604
1.4239 1.4229
1.5374 1.5488
1.5091 1.5127
1.4489 1.4473
1.4344 1.4326
1.4207 1.4209
1.5115 1.5215
1.4715 1.4727
1.4670 1.4678
1.4462 1.4434
1.4585 1.4561
1.4326 1.4316
1.4792 1.4795
1.4418 1.4404
1.4784 1.4785
1.4292 1.4287
1.4203 1.4189
1.4516 1.4482
1.5120 1.5137
1.4589 1.4590
1.4244 1.4248
1.4455 1.4453
1.5068 1.5117
1.4518 1.4502
1.4802 1.4795
1.4981 1.4980
1.5008 1.5039
1.4592 1.4590
1.4679 1.4678
1.4126 1.4082
1.5223 1.5303
1.4361 1.4346
1.4136 1.4131
1.4673 1.4668
1.4209 1.4199
1.4077 1.4033
1.4194 1.4170
1.5099 1.5273
1.4199 1.4199
1.4201 1.4180
1.4718 1.4717
1.4927 1.4941
1.4500 1.4482
1.4221 1.4238
1.4340 1.4355
1.4596 1.4580
1.4252 1.4229
1.4231 1.4229
1.5177 1.5215
1.4757 1.4727
1.5119 1.5117
1.4296 1.4316
1.4986 1.4980
1.4850 1.4814
1.4766 1.4775
1.4532 1.4531
1.4855 1.4834
1.5023 1.5029
1.4680 1.4639
1.4124 1.4131
1.4343 1.4326
1.4374 1.4395
1.5145 1.5127
1.5258 1.5234
1.4480 1.4502
1.5068 1.5068
1.5083 1.5068
1.4891 1.4844
1.4703 1.4697
1.4758 1.4766
1.4788 1.4785
1.4873 1.4883
1.4697 1.4697
1.4882 1.5020
1.4330 1.4326
1.4890 1.4893
1.4613 1.4629
1.4286 1.4287
1.5357 1.5361
1.5400 1.5420
1.4431 1.4434
1.4360 1.4258
1.5180 1.5166
1.4037 1.4072
1.4999 1.5117
1.4256 1.4258
1.4165 1.4189
1.4270 1.4287
1.4499 1.4512
1.4217 1.4229
1.4528 1.4502
1.4484 1.4463
1.4216 1.4229
1.4552 1.4521
1.5015 1.5127
1.4959 1.4990
1.5160 1.5176
1.4672 1.4629
1.5139 1.5107
1.4230 1.4238
1.5160 1.5166
1.4994 1.5020
1.4423 1.4414
1.5047 1.5156
1.4485 1.4463
1.3571 1.3682
1.4196 1.4189
1.4681 1.4717
1.5040 1.5020
1.4344 1.4355
1.5048 1.5059
1.4576 1.4580
1.4375 1.4355
1.4185 1.4209
1.5333 1.5312
1.4530 1.4531
1.4459 1.4473
1.4220 1.4238
1.4134 1.4170
1.5157 1.5166
1.5311 1.5312
1.4534 1.4512
1.4220 1.4512
1.4204 1.4199
1.3920 1.4082
1.5014 1.4980
1.4528 1.4521
1.4672 1.4668
1.4646 1.4609
1.4830 1.4834
