0.7069
0.4873
0.4175
0.3761
0.3472
0.3197
0.3003
0.2884
0.2697
0.2616
0.3349
0.2913
0.3014
0.2784
0.2804
0.2664
0.2545
0.2427
0.2493
0.2325
0.2304
0.2199
0.2145
0.2012
0.1979
0.1952
0.1898
0.1914
0.1874
0.1819
0.2192
0.2327
0.2283
0.2226
0.2193
0.2168
0.2105
0.2174
0.2098
0.2053
0.2003
0.2063
0.2054
0.1935
0.1889
0.1915
0.1842
0.1861
0.1840
0.1736
0.1740
0.1734
0.1673
0.1676
0.1615
0.1675
0.1596
0.1575
0.1560
0.1525
0.1539
0.1533
0.1496
0.1465
0.1448
0.1478
0.1486
0.1445
0.1439
0.1408
0.1763
0.1864
0.1876
0.1953
0.1766
0.1845
0.1775
0.1781
0.1725
0.1719
0.1717
0.1740
0.1742
0.1710
0.1745
0.1661
0.1656
0.1673
0.1623
0.1657
0.1576
0.1609
0.1576
0.1554
0.1491
0.1556
0.1603
0.1473
0.1478
0.1558
