1286.9998 1281.0000
1182.2997 1176.0000
1051.3999 1066.0000
1167.9000 1171.0000
1134.4001 1139.0000
1118.5999 1113.0000
1288.9003 1286.0000
1242.9999 1247.0000
1118.9999 1091.0000
1211.1998 1203.0000
929.0000 933.5000
1242.9999 1237.0000
1185.9000 1180.0000
1127.5000 1139.0000
1187.0001 1194.0000
1032.9001 1066.0000
1114.3999 1109.0000
1173.3998 1176.0000
950.9998 952.0000
1272.4999 1281.0000
1113.7002 1113.0000
1200.0999 1194.0000
1266.0001 1276.0000
1087.2999 1074.0000
1131.2002 1126.0000
1140.5999 1130.0000
1137.4003 1162.0000
1117.1002 1113.0000
1147.9998 1144.0000
1192.8999 1180.0000
1109.8998 1113.0000
1134.0001 1126.0000
1081.8998 1083.0000
1266.9000 1276.0000
1171.7998 1166.0000
1227.9999 1232.0000
1229.0000 1232.0000
1134.9000 1162.0000
1258.1002 1256.0000
1230.9999 1237.0000
1165.5002 1157.0000
1146.6002 1185.0000
1268.2000 1256.0000
1234.0001 1227.0000
1027.6002 1037.0000
1099.7001 1096.0000
1195.1000 1176.0000
1195.1998 1189.0000
1190.7000 1199.0000
1232.4000 1261.0000
1091.2999 1087.0000
1245.0000 1247.0000
1292.0002 1276.0000
1180.7001 1171.0000
1269.7000 1256.0000
1150.0002 1148.0000
1020.0000 1013.0000
1247.6002 1247.0000
1091.8000 1079.0000
1206.9998 1222.0000
1093.2998 1079.0000
1144.2000 1139.0000
1229.0000 1232.0000
1239.7002 1251.0000
1029.9999 1045.0000
1100.3999 1083.0000
1164.9998 1135.0000
1151.7001 1144.0000
1015.0002 986.0000
1099.5001 1079.0000
1273.4999 1256.0000
1094.3998 1091.0000
1084.7999 1070.0000
1099.9998 1109.0000
1086.0002 1074.0000
1181.5997 1180.0000
1079.7002 1074.0000
976.0000 970.5000
1100.1001 1096.0000
1249.7001 1261.0000
1085.4001 1083.0000
1158.1998 1176.0000
1167.1000 1189.0000
1153.0999 1176.0000
1197.3002 1194.0000
1040.4001 1029.0000
965.8999 967.0000
1090.2999 1079.0000
1169.2000 1166.0000
1053.3000 1054.0000
1149.6001 1144.0000
1035.0000 1037.0000
1136.8999 1126.0000
1226.0001 1218.0000
1260.0000 1251.0000
1226.0001 1227.0000
1159.9999 1176.0000
1173.1002 1194.0000
1108.1002 1100.0000
1183.7999 1176.0000
1032.7000 1013.0000
1105.0001 1100.0000
980.2000 970.5000
1093.1000 1091.0000
1102.4000 1091.0000
1167.9000 1135.0000
998.2999 1005.5000
1118.0000 1109.0000
1093.5001 1079.0000
1013.7002 978.0000
1187.9999 1180.0000
1237.9999 1242.0000
1114.1000 1109.0000
1220.0002 1218.0000
1163.5001 1153.0000
1111.3999 1109.0000
1105.0001 1104.0000
1105.6000 1100.0000
1255.5002 1266.0000
1137.1001 1130.0000
1187.0999 1148.0000
1183.3999 1144.0000
1234.9999 1237.0000
1158.2999 1157.0000
1186.3998 1180.0000
1179.6997 1144.0000
1114.4999 1104.0000
1007.8000 1013.0000
1192.0002 1189.0000
1043.6000 1033.0000
1135.0002 1144.0000
1100.6001 1096.0000
983.0000 993.5000
986.0000 978.0000
1112.0000 1113.0000
1260.0000 1256.0000
1234.9999 1237.0000
1113.3000 1117.0000
1281.7001 1271.0000
942.9001 933.5000
1197.9003 1194.0000
1163.9999 1166.0000
1239.0000 1251.0000
954.9998 967.0000
1097.2999 1079.0000
1158.5000 1180.0000
998.2999 993.5000
1226.9999 1237.0000
1071.8000 1058.0000
1046.8002 1033.0000
1246.0002 1251.0000
1034.0997 1041.0000
1243.9998 1247.0000
1089.7999 1091.0000
1108.4001 1100.0000
1188.9998 1185.0000
1079.4998 1074.0000
1168.8000 1176.0000
1180.7001 1162.0000
1186.0001 1185.0000
1182.7998 1176.0000
977.3002 986.0000
1222.2998 1199.0000
1262.6003 1261.0000
1247.9998 1247.0000
1257.9999 1256.0000
1271.5001 1261.0000
1048.3002 1066.0000
1171.2999 1171.0000
1019.7002 1045.0000
976.0000 978.0000
1262.9999 1247.0000
1269.6000 1266.0000
937.2000 929.5000
1250.0997 1227.0000
1187.4001 1185.0000
1099.7998 1091.0000
1183.0001 1180.0000
1127.2998 1122.0000
1155.5000 1148.0000
1234.5999 1247.0000
1150.6002 1180.0000
1261.2002 1271.0000
1238.5997 1247.0000
1237.0001 1232.0000
1095.4999 1079.0000
982.1998 997.5000
1026.3003 1001.5000
1200.0001 1199.0000
1047.6000 1062.0000
1195.0002 1194.0000
1294.5002 1286.0000
1082.6002 1079.0000
1124.9001 1130.0000
1154.7002 1153.0000
1143.5000 1148.0000
1051.7999 1062.0000
1237.0001 1251.0000
1247.0002 1256.0000
1287.3002 1271.0000
972.3999 974.5000
1179.9999 1171.0000
1262.6003 1261.0000
1149.2003 1171.0000
1081.5997 1079.0000
1240.0002 1251.0000
1251.0002 1256.0000
1254.0002 1266.0000
1130.0001 1100.0000
1220.0999 1194.0000
1197.9998 1194.0000
1102.7001 1096.0000
1157.0999 1148.0000
1102.7001 1100.0000
1020.6999 1013.0000
1240.0002 1242.0000
990.0000 1009.5000
1215.0000 1227.0000
1076.1000 1070.0000
1137.8998 1162.0000
952.1999 940.5000
1164.8002 1157.0000
1197.6002 1180.0000
1035.9998 1021.0000
1043.2001 1041.0000
1140.5999 1135.0000
1241.0001 1242.0000
956.1999 952.0000
1140.5002 1139.0000
978.9001 993.5000
1091.0000 1087.0000
1178.6002 1203.0000
1099.9000 1096.0000
1130.0999 1122.0000
1146.2998 1157.0000
1108.1002 1113.0000
1237.0001 1232.0000
1102.5000 1096.0000
1106.4003 1100.0000
1222.0001 1218.0000
1223.0000 1227.0000
1246.0002 1237.0000
1180.1998 1171.0000
1178.0001 1176.0000
1138.7999 1185.0000
1208.2999 1185.0000
965.9999 970.5000
