0.6933
0.5801
0.5209
0.4813
0.4535
0.4378
0.3961
0.3865
0.3600
0.3364
0.3559
0.3399
0.3226
0.3164
0.3221
0.3046
0.3176
0.2754
0.2886
0.2699
0.2754
0.2575
0.2641
0.2662
0.2767
0.2511
0.2316
0.2554
0.2937
0.2304
0.2578
0.2399
0.2268
0.2364
0.2311
0.2301
0.2341
0.2361
0.2146
0.1990
0.2145
0.2196
0.2126
0.2160
0.2337
0.2420
0.2105
0.1933
0.1951
0.2067
0.2149
0.2393
0.1950
0.1969
0.1925
0.1909
0.1902
0.2161
0.2155
0.1920
0.1921
0.1848
0.1790
0.1797
0.2045
0.1860
0.1909
0.1932
0.1731
0.1887
0.1900
0.1964
0.1754
0.1996
0.1823
0.1911
0.1697
0.1795
0.1908
0.1924
0.1702
0.1766
0.1852
0.1903
0.1832
0.2200
0.1844
0.1908
0.2233
0.1856
0.1800
0.2015
0.1864
0.1740
0.1753
0.1809
0.1929
0.1744
0.1909
0.1815
