0.7540
0.5726
0.5242
0.4759
0.4676
0.4041
0.4263
0.4043
0.3798
0.3412
0.3479
0.3434
0.3625
0.3200
0.2987
0.3047
0.2899
0.3190
0.2896
0.2871
0.3005
0.2594
0.2607
0.2702
0.2717
0.2743
0.2479
0.2500
0.2409
0.2442
0.2681
0.2430
0.2344
0.2352
0.2295
0.2216
0.2265
0.2147
0.2263
0.2472
0.2191
0.2082
0.2301
0.2260
0.2098
0.2118
0.2437
0.2447
0.2223
0.1978
0.2171
0.2293
0.2094
0.2315
0.2114
0.2034
0.2052
0.2254
0.2419
0.2147
0.1812
0.1895
0.2003
0.1918
0.2081
0.2055
0.1755
0.1806
0.2121
0.2088
0.1766
0.1893
0.2331
0.1862
0.1892
0.1815
0.1729
0.1996
0.2066
0.1820
0.1795
0.1789
0.1886
0.1765
0.1885
0.2010
0.2055
0.2213
0.1785
0.1801
0.1701
0.1925
0.1739
0.1827
0.1738
0.1790
0.1828
0.1934
0.1847
0.1731
